1528386864.1 [15824  1440 -4388] [ 2304   451 62096] 
1528386864.2 [15652  1764 -4752] [ 2352 64701 64469] 
1528386864.31 [15316  1804 -4728] [ 2288 63819 64916] 
1528386864.42 [15852   724 -5324] [ 2288 63244   365] 
1528386864.52 [15540  1044 -5292] [ 2320 63178 64066] 
1528386864.63 [15432  1104 -5380] [ 2352 63676 64432] 
1528386864.74 [15700  1432 -6096] [ 2304 64290 65420] 
1528386864.85 [14608  1660 -4656] [ 2320 65317 64743] 
1528386864.96 [14768  1620 -5780] [2352  401   30] 
1528386865.06 [15484  1108 -5732] [2320 1270 4923] 
1528386865.17 [14544  1024 -4456] [2352 2278 2147] 
1528386865.28 [13724   316 -3632] [ 2352  2674 63758] 
1528386865.39 [17400 -1812 -4968] [ 2352  2530 63801] 
1528386865.5 [18588 -2840 -4576] [2352 2696 5893] 
1528386865.61 [16548 -3996 -2868] [2320  414 6744] 
1528386865.72 [17452 -5288 -2736] [2416 1603 2416] 
1528386865.83 [14872 -3952 -1604] [2320 2791 3511] 
1528386865.94 [14004 -3984  -680] [2368 2399 1835] 
1528386866.05 [16184 -3804  -684] [ 2352 64978 64156] 
1528386866.16 [15556 -4160  -292] [ 2320 61616 62292] 
1528386866.27 [15632 -4760 -4304] [ 2320 61245  2003] 
1528386866.38 [14860 -4920 -1576] [ 2352 61366   430] 
1528386866.48 [14568 -4132 -2616] [ 2352 61317   811] 
1528386866.59 [15056 -8676 -3340] [ 2320 61823  2245] 
1528386866.7 [16484 -4920 -2012] [ 2368 64348  1967] 
1528386866.81 [15220 -4208 -2144] [2320  220 1031] 
1528386866.92 [16044 -5416 -2720] [ 2320  1038 64563] 
1528386867.03 [14508 -3156 -1368] [ 2320   694 64152] 
1528386867.14 [12944  -420 -2156] [ 2352   580 63748] 
1528386867.25 [14980 -4112 -3836] [ 2320   655 62306] 
1528386867.36 [17352 -3624 -3788] [ 2320   665 63426] 
1528386867.47 [15892 -3816 -3492] [ 2304 65364 65262] 
1528386867.58 [16620 -4736 -4484] [ 2320 65080  1879] 
1528386867.69 [14412 -2884 -2816] [ 2352 65510 61834] 
1528386867.8 [14180 -1756 -4824] [ 2368   957 63510] 
1528386867.91 [14504 -3016 -4904] [2368 2660 2564] 
1528386868.01 [15176 -3264 -4104] [2368 2706  441] 
1528386868.12 [15212 -3148 -3856] [2384 2212 1166] 
1528386868.23 [10680 -2468   128] [ 2352   887 64980] 
1528386868.34 [12464 -2616 -4064] [ 2352   103 63051] 
1528386868.45 [16908 -1964 -4500] [ 2320 65407 65514] 
1528386868.56 [14992 -2716 -3832] [ 2352   211 65002] 
1528386868.67 [16048 -2396 -5060] [ 2352   143 64896] 
1528386868.78 [15768 -2952 -5100] [ 2304    59 64987] 
1528386868.89 [15128 -3000 -4276] [ 2384   422 64301] 
1528386869.0 [15324 -2412 -5192] [ 2352    74 64793] 
1528386869.11 [15256 -2360 -5036] [ 2320 65523 64863] 
1528386869.22 [14940 -2412 -5340] [ 2304   127 64726] 
1528386869.33 [14688 -2028 -5052] [ 2320 64484 64607] 
1528386869.44 [15208 -1056 -5628] [ 2368 63911 64582] 
1528386869.55 [15124   456 -5792] [ 2352 63159 65481] 
1528386869.65 [15324  1004 -6112] [ 2304 64131   361] 
1528386869.76 [15408  1556 -5740] [ 2352 65362 65368] 
1528386869.87 [15604  1944 -6180] [2320  913  320] 
1528386869.98 [15024  1360 -5512] [2416 1310 1730] 
1528386870.09 [15308   620 -5636] [ 2304  1077 65106] 
1528386870.2 [14892   252 -5364] [ 2352   430 65312] 
1528386870.31 [15624   280 -5448] [ 2352 65449   177] 
1528386870.42 [15216   468 -5248] [ 2320   468 65413] 
1528386870.53 [15364   664 -5148] [ 2352   224 65216] 
1528386870.64 [15264  1060 -5372] [2352   10  206] 
1528386870.75 [14972  -784 -5568] [2352  272   43] 
1528386870.86 [15516   448 -5848] [2320  637    3] 
1528386870.96 [15184  1304 -5720] [ 2256 65415    18] 
1528386871.07 [15136   516 -4636] [ 2320 65513 65200] 
1528386871.18 [15176  -164 -6248] [2240  326  558] 
1528386871.29 [15204   464 -5280] [ 2352   129 65357] 
1528386871.4 [15508   800 -5556] [ 2352   542 65180] 
1528386871.51 [14936  -268 -5960] [2352  298  527] 
1528386871.62 [15820   308 -5712] [ 2288 65365 65448] 
1528386871.73 [15220   840 -4984] [ 2320   554 65241] 
1528386871.84 [15784   332 -4944] [ 2320 65514 65203] 
1528386871.95 [14888   540 -6436] [ 2320 64410   614] 
1528386872.06 [15368   -52 -5420] [ 2256 63933 65054] 
1528386872.16 [15352   168 -5344] [ 2304 62875   279] 
1528386872.27 [15440  -524 -3644] [ 2384 62679 65096] 
1528386872.38 [16304   156 -7672] [ 2320 64730   563] 
1528386872.49 [15416  1492 -5140] [ 2368   154 65337] 
1528386872.6 [14824   476 -5004] [ 2256 63935 65490] 
1528386872.71 [16416   376 -6436] [ 2352 64350 65386] 
1528386872.82 [14748   304 -4368] [ 2352 64362   172] 
1528386872.93 [15092  1400 -5856] [ 2384 62214   459] 
1528386873.04 [14628 -1204 -6744] [ 2320 62232   199] 
1528386873.15 [15052 -1348 -5364] [ 2320 65314   393] 
1528386873.26 [15240  -336 -5696] [ 2352  2466 65508] 
1528386873.37 [15404  1096 -5532] [2304  682  309] 
1528386873.48 [14692  -628 -5476] [ 2368   105 65202] 
1528386873.59 [14484 -1452 -4916] [ 2352  1143 65369] 
1528386873.69 [15536   684 -4928] [ 2352  1405 65429] 
1528386873.8 [15504  1000 -4816] [ 2352  1688 65314] 
1528386873.91 [15352   188 -5120] [ 2320 65064    89] 
1528386874.02 [15964  -632 -5964] [ 2304 65219   410] 
1528386874.13 [15724   684 -5604] [ 2352 64000   119] 
1528386874.24 [15288    36 -6040] [ 2352 65047 65242] 
1528386874.35 [15236   984 -4576] [2304 2032  197] 
1528386874.46 [15592  1152 -5440] [ 2384 62697   143] 
1528386874.57 [ 8136 -7920 -2832] [ 2256 60198 63530] 
1528386874.68 [18960  3692 -2696] [ 2352 62928 64871] 
1528386874.79 [15460  -748 -5252] [2320 1035 1066] 
1528386874.9 [15556   180 -5388] [ 2320  3500 63176] 
1528386875.01 [15064  1532 -5856] [2352 2032  537] 
1528386875.11 [15292   484 -5088] [ 2304    34 65349] 
1528386875.22 [15520  -444 -6076] [2288   46  327] 
1528386875.33 [15296   384 -4948] [ 2304   639 65459] 
1528386875.44 [15408    92 -5196] [2320  133   13] 
1528386875.55 [15288   488 -5444] [2288  217   73] 
1528386875.66 [15424   328 -5408] [2352  271   68] 
1528386875.77 [15648   416 -5896] [2256  102   94] 
1528386875.88 [15556   624 -5144] [ 2352 64780   102] 
1528386875.99 [15192   -60 -5568] [ 2352 65501   338] 
1528386876.1 [15656   348 -5112] [ 2320   739 65333] 
1528386876.21 [15428   340 -5112] [ 2320   149 65452] 
1528386876.32 [15040  1564 -5100] [ 2304 65004    59] 
1528386876.43 [15748   976 -4300] [ 2320 63768  1275] 
1528386876.53 [15960   -72 -5676] [ 2304 65132 65172] 
1528386876.64 [15352   828 -4616] [2352  701  930] 
1528386876.75 [15860  -420 -5724] [ 2320   598 64672] 
1528386876.86 [14972  1096 -5064] [2320 1098  433] 
1528386876.97 [15192   128 -5052] [ 2256   756 64744] 
1528386877.08 [15032  1760 -5212] [ 2304 64016 65412] 
1528386877.19 [18536 -2956 -3208] [ 2288 64159  1285] 
1528386877.3 [14696   584 -4372] [ 2352 64590  1327] 
1528386877.41 [15940  1924 -5060] [ 2304   605 64319] 
1528386877.52 [15708  1684 -4732] [ 2304  1735 64081] 
1528386877.63 [14740  -360 -4892] [ 2320  1434 64945] 
1528386877.74 [16648  -788 -6968] [ 2320  3369 64990] 
1528386877.85 [13020  1548 -3636] [ 2352  2384 62707] 
1528386877.96 [15744   776 -6028] [ 2384  1701 64382] 
1528386878.07 [15988  -688 -8936] [2352 1835 5181] 
1528386878.18 [15200  -460 -5832] [2368 2054  611] 
1528386878.29 [14836  1052 -3596] [ 2256   344 62292] 
1528386878.39 [15772 -1536 -6364] [ 2352  1058 65316] 
1528386878.5 [15080  -340 -5508] [2256 3445 1813] 
1528386878.61 [16152   676 -5572] [ 2304  6389 64469] 
1528386878.72 [17012  2152 -5620] [ 2256  5051 65180] 
1528386878.83 [15232  -156 -4768] [ 2352   917 65176] 
1528386878.94 [14656   128 -4988] [ 2352 64008   359] 
1528386879.05 [13352 -1000 -4952] [ 2240 61644  2467] 
1528386879.16 [11328 -1592 -4208] [ 2352 64510   236] 
1528386879.27 [16484   644 -5392] [ 2352  1609 64667] 
1528386879.38 [15592  -104 -4952] [ 2320  1914 65345] 
1528386879.49 [17476  -276 -6424] [2208   35  289] 
1528386879.6 [14328  -768 -4732] [ 2304 65023   325] 
1528386879.71 [14952   264 -4816] [ 2320 65408 65426] 
1528386879.82 [15992  -156 -5972] [ 2288    69 65345] 
1528386879.93 [15000  -584 -5728] [2368  378  663] 
1528386880.04 [16052   492 -4740] [ 2352 64447 64592] 
1528386880.15 [10984  -728 -3516] [ 2416 63921   718] 
1528386880.26 [ 7604 -4576 -1876] [ 2288 63851  1136] 
1528386880.37 [16432  2252 -6384] [ 2320  1662 62645] 
1528386880.47 [16772  -104 -5908] [ 2352  5914 64407] 
1528386880.58 [15316 -1720 -5464] [ 2288 65273   680] 
1528386880.69 [14208 -4016 -5732] [ 2288 62492  2667] 
1528386880.8 [15928 -3668 -5716] [ 2288 60194 65294] 
1528386880.91 [15932  -856 -5144] [ 2288 60256 63407] 
1528386881.02 [17720  2028 -5460] [ 2320 61606 65048] 
1528386881.13 [14928  1500 -5068] [ 2288 60104 63221] 
1528386881.24 [15280   384 -6400] [ 2256 60906 65449] 
1528386881.35 [13624  1448 -4876] [ 2352 61259 64597] 
1528386881.46 [15048   -72 -6068] [ 2320 58399 62837] 
1528386881.57 [15316   568 -7096] [ 2256 56800  1042] 
1528386881.68 [14940  1392 -6700] [ 2352 59366 64865] 
1528386881.79 [15212  1396 -7248] [ 2288 62741   651] 
1528386881.89 [15368  2068 -7156] [ 2320 64553  2492] 
1528386882.0 [15864  2156 -6032] [ 2256 62432 65012] 
1528386882.11 [15724  1068 -5380] [ 2208 60524 63517] 
1528386882.22 [15028   780 -5568] [ 2208 63368  3219] 
1528386882.33 [13848   684 -4720] [2256 1154 3692] 
1528386882.44 [14576   840 -5132] [2256 2601 1183] 
1528386882.55 [14780   676 -5732] [ 2288  4771 65353] 
1528386882.66 [15564  2548 -5428] [ 2352  4996 64866] 
1528386882.77 [17380  2088 -7248] [ 2240  4097 63238] 
1528386882.88 [16076  3112 -6084] [ 2288  2086 63724] 
1528386882.99 [15704  2060 -6316] [ 2352  4382 64868] 
1528386883.1 [15588  2972 -5364] [2320 3672  818] 
1528386883.21 [15476  2104 -5884] [2352 1675 2955] 
1528386883.32 [13912  2820 -5140] [2304 1525 3739] 
1528386883.42 [13840  3160 -5280] [2352 3404  692] 
1528386883.53 [13596  2860 -5168] [2320 2538   12] 
1528386883.64 [14012  3152 -5224] [2320 2663  548] 
1528386883.75 [14188  3004 -5684] [2304 1549  129] 
1528386883.86 [15268  3484 -4784] [ 2352  1211 62859] 
1528386883.97 [15084  5748 -4328] [ 2288 63796  6474] 
1528386884.08 [12884  4816 -4400] [ 2288 63999  5991] 
1528386884.19 [14864  4408 -3540] [ 2320  1856 61638] 
1528386884.3 [14328  5352 -4152] [ 2352   304 59766] 
1528386884.41 [14056  4772 -6080] [ 2320   493 60385] 
1528386884.52 [13492  5360 -5512] [2304 1381 1210] 
1528386884.63 [14480  4836 -6576] [ 2256  1701 65414] 
1528386884.74 [15412  5144 -6924] [ 2352  1918 64515] 
1528386884.85 [15808  5296 -6816] [ 2288  1807 64792] 
1528386884.95 [14104  3928 -7348] [2304 2071 2604] 
1528386885.06 [14224  3960 -6452] [2320 1728 3754] 
1528386885.17 [15360  2264 -6696] [ 2384    20 63663] 
1528386885.28 [15740  4236 -7088] [ 2320 65503 62720] 
1528386885.39 [14412  1920 -7432] [ 2352 64111  1798] 
1528386885.5 [13056  2728 -7388] [ 2352 64418  2155] 
1528386885.61 [13028  2280 -6280] [ 2288 61760 63657] 
1528386885.72 [14732  1396 -7004] [ 2288 62336 60161] 
1528386885.83 [15892  4880 -6284] [ 2320 63971 61924] 
1528386885.94 [15152  2136 -7124] [ 2368 64238  1594] 
1528386886.05 [13948  2112 -6788] [ 2320 64792  3922] 
1528386886.16 [14176  2248 -6396] [ 2352 64268  1174] 
1528386886.27 [14016  2048 -6352] [ 2320 64373 64287] 
1528386886.37 [15676  1852 -6356] [ 2288 65088 63550] 
1528386886.48 [14856  3276 -6108] [2352  182  226] 
1528386886.59 [14208  2776 -5948] [ 2352  1068 64743] 
1528386886.7 [16012  3308 -6144] [ 2352  1061 64888] 
1528386886.81 [16048  3776 -7040] [2288 2256 2916] 
1528386886.92 [14092  2368 -6508] [2368 2563 3727] 
1528386887.03 [14552  1916 -6048] [2320  925 1074] 
1528386887.14 [14188  2792 -5948] [ 2352   327 65525] 
1528386887.25 [15020  1808 -6036] [ 2288   134 64307] 
1528386887.36 [15156  1672 -5988] [ 2352   560 65403] 
1528386887.47 [14224  1308 -6304] [ 2304 65068  1426] 
1528386887.58 [14332  2472 -5564] [ 2304   839 65045] 
1528386887.69 [15320  2124 -6224] [ 2304    21 63587] 
1528386887.79 [15124  1836 -6360] [ 2304 65243   322] 
1528386887.9 [14604  2412 -6048] [2320  555  772] 
1528386888.01 [14324  1500 -6420] [2304  554  761] 
1528386888.12 [15252  2208 -6160] [ 2288   891 63954] 
1528386888.23 [15432  1972 -6212] [ 2304   325 64715] 
1528386888.34 [15044  1508 -6124] [ 2352 65418  1289] 
1528386888.45 [14780  1840 -6332] [2352  398  283] 
1528386888.56 [15608  1628 -6808] [2352  662  588] 
1528386888.67 [14988  1480 -6432] [2352  512    9] 
1528386888.78 [16240  1012 -6676] [ 2352   332 64970] 
1528386888.89 [14836  1420 -6376] [2304 1386  549] 
1528386889.0 [15168  1936 -5540] [2288  986 2275] 
1528386889.11 [14024  3192 -4388] [ 2240 64795  2353] 
1528386889.22 [12736  5164 -4516] [ 2320 64949   460] 
1528386889.32 [12820  5220 -4572] [ 2304  3172 64652] 
1528386889.43 [15192  5044 -5264] [ 2352  5885 64040] 
1528386889.54 [15848  4328 -6540] [ 2304  7277 65392] 
1528386889.65 [13584  1596 -5924] [2320 5428 2857] 
1528386889.76 [13936  1064 -6284] [ 2288  1444 63295] 
1528386889.87 [14976  2016 -7116] [ 2352 63519 64679] 
1528386889.98 [ 19752   5128 -10192] [ 2368   952 62190] 
1528386890.09 [15120  4392 -7044] [ 2368   731 65136] 
1528386890.2 [13248  5488 -6092] [ 2352 64763  1678] 
1528386890.31 [14424  3716 -6000] [ 2368 65152 64709] 
1528386890.42 [14096  4304 -7276] [2320  783 1705] 
1528386890.53 [13676  4496 -6540] [ 2352 65049  1798] 
1528386890.64 [11760  3960 -5412] [ 2320 65432    44] 
1528386890.74 [13276  4304 -6300] [ 2384 63850 62959] 
1528386890.85 [12828  3276 -6032] [ 2352 63389 63633] 
1528386890.96 [13292  2108 -6952] [ 2352 65151   432] 
1528386891.07 [14604  3612 -7164] [ 2352  2556 64953] 
1528386891.18 [14880  2868 -7460] [ 2320   570 60680] 
1528386891.29 [13944  5412 -8888] [ 2464  1307 59930] 
1528386891.4 [ 12676   2208 -10072] [ 2368 64413 61896] 
1528386891.51 [ 12920   2868 -10364] [2320 5125 5863] 
1528386891.62 [12680  3664 -8784] [2304 6974 8453] 
1528386891.73 [14072  2956 -7932] [2352 6933 2207] 
1528386891.84 [13984  2792 -8176] [ 2320  4907 63261] 
1528386891.95 [12504  2052 -9144] [ 2352  3382 59804] 
1528386892.05 [12604  3188 -9484] [ 2352   426 57678] 
1528386892.16 [ 11904   3272 -10512] [ 2320   336 60350] 
1528386892.27 [ 11592   3172 -11352] [ 2384   708 65167] 
1528386892.38 [ 10624   3724 -11212] [ 2320 65147 64490] 
1528386892.49 [  8716   3428 -11680] [ 2352 64170 60425] 
1528386892.6 [  8524   3008 -13728] [ 2320 64292 53264] 
1528386892.71 [  6144   4608 -14152] [ 2352 62925 51425] 
1528386892.82 [  4840   4908 -14520] [ 2320 65419 65202] 
1528386892.93 [  3376   5348 -14128] [ 2320 65511  1387] 
1528386893.04 [  3112   4976 -13516] [ 2352 64629  1342] 
1528386893.15 [  5588   3836 -14400] [2352  706 5238] 
1528386893.26 [  4544   4776 -13560] [2352  339  227] 
1528386893.37 [  4108   5608 -14036] [ 2368   443 62261] 
1528386893.47 [  5744   4608 -14336] [2352  897  803] 
1528386893.58 [  4264   5276 -13284] [2368  490 1353] 
1528386893.69 [  5796   4288 -13860] [2368   63    6] 
1528386893.8 [  5796   4352 -13844] [2368 1562 1806] 
1528386893.91 [  5712   4868 -13316] [2384 1366 2427] 
1528386894.02 [  6824   3940 -14180] [ 2368 65498   281] 
1528386894.13 [  6928   4352 -13300] [2384  972   97] 
1528386894.24 [  6864   4008 -13768] [2352  686 1152] 
1528386894.35 [  6116   3780 -13256] [2368  255  352] 
1528386894.46 [  6636   4208 -13296] [ 2384   959 64428] 
1528386894.57 [  6976   4396 -13384] [2416  201  550] 
1528386894.68 [  6440   4132 -13208] [2320  772  116] 
1528386894.79 [  6972   4260 -13848] [2352  261  568] 
1528386894.9 [  6328   4672 -13380] [ 2416 65451   688] 
1528386895.0 [  7008   4012 -13752] [ 2368 64626 64754] 
1528386895.11 [  7224   4372 -13440] [ 2320 65113 64689] 
1528386895.22 [  6972   3988 -13292] [ 2320 63987  2940] 
1528386895.33 [  8148   3836 -13120] [ 2384 64708  3242] 
1528386895.44 [ 10616   4520 -12624] [2320  528 8959] 
1528386895.55 [12064  4728 -9312] [ 2384 63220 18437] 
1528386895.66 [11984  2288 -7068] [ 2368   471 13269] 
1528386895.77 [13784  2436 -5184] [ 2352   959 63463] 
1528386895.88 [15220  1324 -7296] [ 2384  1759 60726] 
1528386895.99 [15520  2436 -7672] [ 2352 63917 62797] 
1528386896.1 [15092  1752 -8028] [ 2320 61951  1058] 
1528386896.21 [13432  1284 -6984] [ 2384 60912  1295] 
1528386896.32 [13668  1272 -6792] [ 2352 63764 65087] 
1528386896.42 [14080  1052 -7372] [ 2384 64200   384] 
1528386896.53 [14336   672 -8028] [ 2432 63167   188] 
1528386896.64 [14612  2688 -6728] [ 2352 61906 63850] 
1528386896.75 [14368  2916 -6424] [ 2352 62688 64088] 
1528386896.86 [13788  1352 -7220] [ 2352 61365   776] 
1528386896.97 [15108   636 -7228] [ 2352 61655  1810] 
1528386897.08 [14884  2228 -5384] [ 2416 62740  1452] 
1528386897.19 [14892  -692 -6932] [ 2304 62866  1171] 
1528386897.3 [15276  -628 -6304] [ 2352 62282  2922] 
1528386897.41 [14104  -728 -4960] [ 2384 64554 63943] 
1528386897.52 [15176  -776 -5264] [ 2416 64073 62358] 
1528386897.63 [15508  -844 -7560] [ 2416 63121 65448] 
1528386897.74 [16168 -2284 -6844] [2416 1604 2278] 
1528386897.84 [16272  1204 -5056] [ 2320 64358  2380] 
1528386897.95 [14332   800 -5528] [ 2320 64658  3655] 
1528386898.06 [15012  -340 -5152] [ 2352 64367   420] 
1528386898.17 [15804   176 -5952] [ 2352 61589 63839] 
1528386898.28 [16420  -192 -5792] [ 2384 59575 64243] 
1528386898.39 [15524  -216 -6324] [ 2368 65437   838] 
1528386898.5 [14496  -892 -5380] [ 2352 65355   460] 
1528386898.61 [15032  1704 -4384] [2368  770  204] 
1528386898.72 [16344  1380 -5888] [ 2352   825 64156] 
1528386898.83 [16396   620 -6472] [ 2352   385 63177] 
1528386898.94 [13728   -12 -5300] [2416 2653  400] 
1528386899.05 [15212  1596 -5540] [ 2368 63738 64852] 
1528386899.16 [15356   512 -6056] [ 2384 63020 64487] 
1528386899.27 [15776   124 -6248] [ 2384 63529 64236] 
1528386899.38 [16848   776 -6760] [ 2352 63893   592] 
1528386899.48 [16816  1156 -6672] [2464   77  322] 
1528386899.59 [14812   416 -5444] [2432  139 2495] 
1528386899.7 [14328  -212 -5416] [ 2368 63581  1984] 
1528386899.81 [15544   544 -5516] [ 2416 62734 64632] 
1528386899.92 [16664  1044 -5896] [ 2320 61691 64528] 
1528386900.03 [15836   628 -5972] [ 2416 61469   846] 
1528386900.14 [15332  1448 -4912] [ 2368 62610   126] 
1528386900.25 [16276  1512 -5696] [ 2432 63483  1761] 
1528386900.36 [13076   844 -4376] [ 2416 63854  1785] 
1528386900.47 [11388   272 -4468] [ 2384 62587  2309] 
1528386900.58 [12800  1152 -3732] [2416  156    9] 
1528386900.69 [14020   316 -3524] [ 2384  1273 60163] 
1528386900.8 [16068  -284 -5448] [ 2352  3109 59328] 
1528386900.9 [15348  -364 -6148] [ 2432  4575 64406] 
1528386901.01 [17128  -232 -6152] [ 2352  2286 65355] 
1528386901.12 [16776 -2480 -6280] [2384 3056 1793] 
1528386901.23 [14316 -3172 -4908] [2320 6684 3129] 
1528386901.34 [15112 -5284 -4472] [2416   86 4163] 
1528386901.45 [13516 -4968 -3484] [2480 2940 1792] 
1528386901.56 [14556 -3812 -3428] [ 2432  1035 61611] 
1528386901.67 [14952 -5620 -4768] [ 2416  1498 62168] 
1528386901.78 [16472 -6772 -4560] [ 2352  6260 64546] 
1528386901.89 [13676 -4868 -5000] [2464 3596   66] 
1528386902.0 [15064 -4532 -4640] [ 2416  2655 62835] 
1528386902.11 [14988 -5460 -5420] [ 2352  3126 61860] 
1528386902.22 [14360 -4260 -5492] [2384 2737  666] 
1528386902.33 [15000 -5076 -5092] [2352 2752  475] 
1528386902.44 [16100 -5504 -4812] [ 2368  3769 64413] 
1528386902.54 [15472 -6072 -4928] [ 2368  4547 65503] 
1528386902.65 [14536 -6540 -4264] [2368 7596 2269] 
1528386902.76 [14684 -5080 -2972] [ 2432  5780 65204] 
1528386902.87 [14516 -5964 -3424] [ 2368  6803 65114] 
1528386902.98 [14628 -3848 -2996] [ 2480  3696 63261] 
1528386903.09 [15284 -5920 -3404] [ 2384  3554 64118] 
1528386903.2 [14932 -6008 -2940] [ 2368  3358 64290] 
1528386903.31 [15608 -6312 -3108] [ 2416  2253 63719] 
1528386903.42 [17212 -5044 -2460] [ 2352   440 64161] 
1528386903.53 [14916 -6320 -3964] [ 2368  1117 62470] 
1528386903.64 [15480 -4732 -3180] [ 2352  2861 63612] 
1528386903.75 [15756 -3988 -4484] [ 2416  2338 63607] 
1528386903.86 [14560 -3964 -5104] [2368 2500 2581] 
1528386903.97 [13664 -3480 -4932] [2368 3099  489] 
1528386904.07 [13520 -3048 -3848] [ 2352  4340 62504] 
1528386904.18 [15288 -1420 -4636] [ 2416  3009 59555] 
1528386904.29 [16572  -232 -5644] [ 2352  4107 63396] 
1528386904.4 [16132  -232 -4552] [2416 4934 4061] 
1528386904.51 [16260  -872 -4928] [2352 2056 4467] 
1528386904.62 [17212   964 -4480] [2384 4844  945] 
1528386904.73 [16124   932 -4184] [ 2432  2778 64837] 
1528386904.84 [15936  1200 -3772] [ 2368  3379 64537] 
1528386904.95 [16008  2092 -4096] [2432 2970  500] 
1528386905.06 [14712   888 -3852] [2384 1030 2684] 
1528386905.17 [13012   812 -3488] [ 2368 65197  2638] 
1528386905.28 [11008   744 -2784] [ 2384 64114  1139] 
1528386905.39 [14500   916 -3532] [ 2368 64141 60888] 
1528386905.49 [17908  1448 -4672] [ 2352 64026 60427] 
1528386905.6 [16568  1424 -5052] [ 2320 63992 62421] 
1528386905.71 [16008  3144 -5664] [ 2368 64322 64454] 
1528386905.82 [16924  3940 -6232] [ 2352 62028   782] 
1528386905.93 [15572  1972 -6240] [ 2320 65443    57] 
1528386906.04 [15784  1400 -4628] [ 2352  1014 65500] 
1528386906.15 [16360  2232 -5952] [ 2352 64089  1997] 
1528386906.26 [13816   592 -6012] [2368  801 3085] 
1528386906.37 [12972  1516 -4536] [2368   17 1401] 
1528386906.48 [15140  -720 -5600] [ 2432 64022 60067] 
1528386906.59 [17276   980 -7432] [ 2352  1934 61531] 
1528386906.7 [ 17656   2012 -10360] [ 2384  2291 65250] 
1528386906.81 [14560  1528 -6780] [2384 2157 4404] 
1528386906.91 [14392  -564 -5924] [ 2352 63627  1445] 
1528386907.02 [15348  -492 -5692] [ 2352 65408 61735] 
1528386907.13 [13728    88 -5268] [ 2352  1651 62544] 
1528386907.24 [15012   440 -5564] [ 2432 65256 59625] 
1528386907.35 [15236 -1960 -7372] [ 2368  2184 60484] 
1528386907.46 [14324 -1776 -8856] [2384 3729  464] 
1528386907.57 [12380   244 -8172] [2416 3431 4908] 
1528386907.68 [13708  -980 -7016] [ 2304   111 61703] 
1528386907.79 [ 16452    448 -10828] [ 2464  1751 60134] 
1528386907.9 [10476  -540 -9668] [ 2304  4729 64048] 
1528386908.01 [ 11576   2192 -10268] [ 2416  3882 62431] 
1528386908.12 [ 11864   -892 -11652] [ 2368  4040 61624] 
1528386908.23 [ 11408   2260 -11812] [ 2384  1842 62665] 
1528386908.34 [  9316    816 -12132] [2368 1983  962] 
1528386908.44 [  9776   1612 -11396] [ 2368  3695 64026] 
1528386908.55 [ 11856   2968 -11936] [ 2384  1139 64632] 
1528386908.66 [ 10344   1768 -13168] [2352 2319 1594] 
1528386908.77 [  9968   1684 -10684] [2368 3339 1886] 
1528386908.88 [ 11764   3092 -12136] [ 2352 64880 65124] 
1528386908.99 [ 1460     8 -4200] [ 2320 65428  1616] 
1528386909.1 [ 11996   1656 -12836] [2352  411 2895] 
1528386909.21 [11344  -792 -9696] [2384 7578 3739] 
1528386909.32 [11504  2320 -8908] [2384 6288 1599] 
1528386909.43 [ 9928  3740 -7628] [2368 4426  688] 
1528386909.54 [ 11808    308 -10468] [ 2368 65251 63912] 
1528386909.65 [ 11444  -2812 -10008] [ 2352   417 65271] 
1528386909.76 [ 13504    672 -11212] [2368  642    5] 
1528386909.86 [10168 -1080 -8676] [2368 1070   32] 
1528386909.97 [11320  1480 -9660] [2384 2684 1049] 
1528386910.08 [ 12060   1244 -10304] [2384 1537  412] 
1528386910.19 [ 12708   2216 -10008] [ 2432  2439 64834] 
1528386910.3 [ 12176     72 -10024] [ 2416 64692 64066] 
1528386910.41 [ 11748   -816 -11064] [ 2384 64363 64278] 
1528386910.52 [ 12996   -964 -10916] [ 2384 62757 64930] 
1528386910.63 [ 10672   1144 -10396] [ 2352 62426 64860] 
1528386910.74 [ 11356    132 -10348] [2368 1679 1638] 
1528386910.85 [ 13032   3580 -10512] [ 2352 63992   787] 
1528386910.96 [ 12860    520 -11384] [ 2384  2731 65516] 
1528386911.07 [ 14272   3496 -11900] [2464 2436  165] 
1528386911.18 [ 11924    436 -11488] [ 2416 64544 65357] 
1528386911.29 [10596  -572 -9828] [2368  988 1153] 
1528386911.39 [ 15060   1236 -10220] [2384  299 3794] 
1528386911.5 [ 14556   1380 -12328] [ 2432  3095 65367] 
1528386911.62 [ 6524  1696 -2576] [ 2384  3076 63960] 
1528386911.73 [ 9952   496 -8136] [ 2384  1556 64053] 
1528386911.84 [13116  -792 -9884] [2352 1932  295] 
1528386911.95 [12520  -908 -9832] [ 2320 64347 65260] 
1528386912.05 [11924  -116 -9644] [ 2464 63783 65075] 
1528386912.16 [ 13028   -116 -11200] [ 2416 64267   815] 
1528386912.27 [ 12844   -132 -10104] [2384 2310 2668] 
1528386912.38 [14472  1164 -9544] [2464 3231 3783] 
1528386912.49 [13204   -12 -8856] [ 2368   312 64472] 
1528386912.6 [15540 -1448 -8640] [ 2368  3241 63791] 
1528386912.71 [ 15092   1104 -10420] [2432    2  581] 
1528386912.82 [10968 -1412 -9568] [ 2416 61157 65469] 
1528386912.93 [12604 -2344 -8924] [ 2368 62816   668] 
1528386913.04 [13792   476 -7224] [ 2368  1094 63498] 
1528386913.15 [12704  -424 -8148] [ 2368  2132 65412] 
1528386913.26 [ 11980   -232 -10004] [ 2432 65374  1288] 
1528386913.37 [11928  1616 -8092] [ 2384  2345 64853] 
1528386913.47 [12756   980 -9420] [ 2320 64022   108] 
1528386913.58 [ 16252   1252 -10916] [ 2352  1780 65040] 
1528386913.69 [13352  2992 -8760] [2416 2706 2443] 
1528386913.8 [13376  3884 -8656] [ 2432 64067 65436] 
1528386913.91 [13224  1876 -9184] [ 2320  1498 65528] 
1528386914.02 [13940  2164 -9100] [2464 1908  152] 
1528386914.13 [13128  3360 -8596] [2368 2772 1535] 
1528386914.24 [12504  -636 -9536] [2368  927  402] 
1528386914.35 [13996  3104 -8240] [2368 1297  865] 
1528386914.46 [13256  2296 -8864] [ 2432 64640   255] 
1528386914.57 [13304   304 -8564] [ 2416 65013   564] 
1528386914.68 [13752  2084 -7752] [ 2352   998 64822] 
1528386914.79 [13808  1476 -8964] [ 2384 64954   870] 
1528386914.9 [14040  1980 -8224] [ 2384   303 65346] 
1528386915.01 [14124  4036 -7996] [ 2352    16 65235] 
1528386915.11 [13420  3796 -8912] [ 2368 62156 64446] 
1528386915.22 [13104  4208 -8660] [ 2384 61982 63890] 
1528386915.33 [14516  3240 -9596] [ 2320 65475  1001] 
1528386915.44 [ 16572   2808 -11488] [ 2368 64339   161] 
1528386915.55 [ 16724   1748 -11448] [ 2352   765 65134] 
1528386915.66 [13856  3560 -9688] [ 2432 64630 65181] 
1528386915.77 [14272  3348 -8368] [ 2384 65199 65113] 
1528386915.88 [13372  3020 -8684] [ 2368 65287   171] 
1528386915.99 [12384  3464 -7492] [2416  837  336] 
1528386916.1 [13768  2440 -9368] [ 2352   776 64787] 
1528386916.21 [13136  2744 -8940] [ 2384  1980 63927] 
1528386916.32 [13308  2208 -9048] [ 2432   145 63570] 
1528386916.43 [13832  2508 -9032] [2368 1210 1132] 
1528386916.53 [13888  4492 -8292] [ 2368 63212  1738] 
1528386916.64 [14236  2416 -8752] [ 2384 64747  1496] 
1528386916.75 [12916  3196 -9064] [ 2416 65425  1084] 
1528386916.86 [13032  3388 -8120] [ 2384   655 64900] 
1528386916.97 [13412  3268 -8444] [2320  509  379] 
1528386917.08 [12724  3304 -8124] [2384  643  200] 
1528386917.19 [12868  3080 -8248] [ 2384 64971 63768] 
1528386917.3 [13124  2652 -8840] [2464  122  213] 
1528386917.41 [12920  2544 -7796] [2384 1063  539] 
1528386917.52 [12240  3100 -8116] [2384  475 1020] 
1528386917.63 [13784  2612 -9596] [2384  953  668] 
1528386917.74 [13100  2652 -8788] [ 2368   877 64307] 
1528386917.85 [14080  2948 -8992] [2384 2330  313] 
1528386917.96 [13308  2772 -8136] [ 2368 64727  1464] 
1528386918.06 [13460  2464 -8392] [2384  406  769] 
1528386918.17 [13924  2484 -8672] [ 2432 65493    20] 
1528386918.28 [13916  3020 -8416] [2352   80  593] 
1528386918.39 [13776  2504 -8012] [2464  868  491] 
1528386918.5 [11592  3360 -8116] [ 2432 65090 64185] 
1528386918.61 [13672  3272 -8632] [ 2368  1356 61250] 
1528386918.72 [14196  3632 -8676] [2480 1063 2335] 
1528386918.83 [14600  3100 -9424] [ 2416 64544 65428] 
1528386918.94 [12252  2948 -8416] [ 2384 65383   889] 
1528386919.05 [12976  2772 -7792] [2368  231  408] 
1528386919.16 [12560  2608 -8404] [2384  608  374] 
1528386919.27 [12920  2832 -8240] [2432  408  205] 
1528386919.38 [13948  2996 -8248] [ 2368 65443   250] 
1528386919.48 [13576  3064 -7352] [2432  568  498] 
1528386919.59 [11860  2036 -6484] [ 2384 64762 65128] 
1528386919.7 [11776  2544 -7132] [2416  281  413] 
1528386919.81 [13552  2348 -8028] [ 2432   473 65367] 
1528386919.92 [13088  2908 -8396] [ 2384    52 65392] 
1528386920.03 [14108  2540 -8316] [2432  559  300] 
1528386920.14 [13576  2684 -8260] [2480  515  321] 
1528386920.25 [13852  2508 -8324] [ 2544 65423 65123] 
1528386920.36 [13124  2920 -8256] [2464  113  283] 
1528386920.47 [12632  3048 -7776] [ 2480 65535 64994] 
1528386920.58 [13200  2540 -8380] [ 2480 65031 59852] 
1528386920.69 [13476  1944 -8492] [2480 1437 3778] 
1528386920.8 [12244  3428 -7644] [ 2368 64818  1805] 
1528386920.9 [13264  2220 -8488] [ 2464 64456 64610] 
1528386921.01 [13676  3040 -8884] [ 2480   270 63967] 
1528386921.12 [12984  2700 -8552] [ 2384   235 65507] 
1528386921.23 [13536  2496 -8796] [ 2416   100 65463] 
1528386921.34 [13320  3368 -8616] [2368  119  238] 
1528386921.45 [13104  2752 -8360] [2368  153  992] 
1528386921.56 [13536  3152 -8056] [ 2384 65418   550] 
1528386921.67 [13168  3204 -8308] [ 2432 64765   272] 
1528386921.78 [14076  1328 -8472] [2480  842 2498] 
1528386921.89 [13812  3420 -7724] [2416  854 1704] 
1528386922.0 [13728  2764 -7236] [2496  533 1427] 
1528386922.11 [14116  2392 -6952] [2416   93 1459] 
1528386922.22 [14376  2888 -6392] [ 2496  1074 65012] 
1528386922.33 [14756  2476 -6848] [2480   81  388] 
1528386922.43 [14052  2560 -6328] [ 2432 65044 64806] 
1528386922.54 [15224  2336 -7944] [2480  204  266] 
1528386922.65 [16724  2136 -8760] [ 2496  1306 64568] 
1528386922.76 [14484  2348 -8380] [2384  884 3320] 
1528386922.87 [10356   116 -5864] [ 2464 62953 65270] 
1528386922.98 [13068    96 -7340] [ 2496  2183 58874] 
1528386923.09 [16316  1708 -9464] [ 2384  2117 61491] 
1528386923.2 [17304  4952 -6932] [ 2432  3366 65161] 
1528386923.31 [12180  2136 -7420] [ 2384 62424  7227] 
1528386923.42 [12520  1160 -7608] [ 2464 64203  6262] 
1528386923.53 [14812  2844 -6776] [ 2496 63933  1528] 
1528386923.64 [16484  3844 -6244] [ 2528 64289 63871] 
1528386923.75 [16276  4636 -5192] [ 2480 62365  3150] 
1528386923.85 [15620  1052 -6100] [ 2464 61734  2392] 
1528386923.96 [15612  2624 -4236] [2464 1969 2421] 
1528386924.07 [14380  2092 -3244] [2416   32 1559] 
1528386924.18 [14736  2600 -2908] [ 2496  4083 64072] 
1528386924.29 [15900  3392 -3064] [ 2464  2767 65391] 
1528386924.4 [15380  1820 -3152] [2480 3362  594] 
1528386924.51 [16240  3576 -2804] [2416 1732  662] 
1528386924.62 [16192   424 -4036] [2480  299 1677] 
1528386924.73 [16604  2816 -2900] [ 2480  2431 65459] 
1528386924.84 [15708  1760 -3504] [2416 1122  701] 
1528386924.95 [16084  1828 -4084] [ 2432  3148 63509] 
1528386925.06 [15648  2212 -3808] [2464 2941  212] 
1528386925.17 [15856  1524 -3908] [ 2464  1882 65078] 
1528386925.28 [15868  1096 -4392] [2432  301  163] 
1528386925.38 [16200   896 -4144] [ 2384  1029 65254] 
1528386925.49 [16060   972 -3732] [ 2464 65177    17] 
1528386925.6 [15648   768 -3972] [ 2496    48 65321] 
1528386925.71 [15696   944 -4148] [ 2368   255 65305] 
1528386925.82 [15928   -20 -4772] [ 2352 65413 65260] 
1528386925.93 [15760    52 -4200] [ 2496   243 65421] 
1528386926.04 [16196  -476 -4888] [ 2416    80 65368] 
1528386926.15 [15716  -256 -4316] [ 2416 65448 65248] 
1528386926.26 [15616   132 -4524] [ 2352   532 65308] 
1528386926.37 [15624  -328 -4652] [ 2432 65142 64825] 
1528386926.48 [15592  -436 -4796] [ 2416   509 64897] 
1528386926.59 [15536  -160 -4944] [ 2464   572 65219] 
1528386926.69 [15928  -252 -4900] [ 2480 65525 65115] 
1528386926.8 [15756  -336 -5568] [2464   21  467] 
1528386926.91 [15448   284 -4404] [ 2480 64286 65404] 
1528386927.02 [15984   -32 -5560] [ 2368 62934 65015] 
1528386927.13 [16252   392 -5820] [ 2416 64202   633] 
1528386927.24 [15100  -712 -5272] [ 2352 64436 65454] 
1528386927.35 [15864  1112 -5584] [ 2384   230 64953] 
1528386927.46 [15348  1184 -5508] [2432  643  921] 
1528386927.57 [14916   916 -5044] [ 2432   977 64568] 
1528386927.68 [15308   564 -5420] [ 2368  3362 64407] 
1528386927.79 [15348  1724 -5948] [2432 1887 2663] 
1528386927.9 [15968   824 -5012] [ 2432  2095 64913] 
1528386928.01 [14736    44 -4380] [ 2432   148 64785] 
1528386928.12 [15028   304 -4400] [ 2368 63581  1096] 
1528386928.22 [15264   116 -5412] [ 2416 64721  2110] 
1528386928.33 [16204   136 -5612] [ 2480    89 64974] 
1528386928.44 [16232   732 -4412] [ 2384   823 64261] 
1528386928.55 [16364   884 -4172] [ 2384   690 64697] 
1528386928.66 [15860  -172 -4828] [2480 1570  495] 
1528386928.77 [15196   792 -4644] [ 2384 65388  1186] 
1528386928.88 [14820   500 -4932] [ 2384  1225 65470] 
1528386928.99 [15284   420 -4288] [ 2432 65476 62064] 
1528386929.1 [16760   912 -5308] [ 2368 64185 64572] 
1528386929.21 [15740   288 -6044] [ 2352 60666   676] 
1528386929.32 [16140   564 -6004] [ 2416 57905 64605] 
1528386929.43 [15768   200 -6456] [ 2432 61178   348] 
1528386929.54 [14328   200 -5916] [ 2384 59744  1187] 
1528386929.65 [14144  -572 -6204] [ 2384 61477 63704] 
1528386929.76 [14192   -44 -6112] [ 2416 65020 64511] 
1528386929.86 [15060   892 -6184] [ 2416  1441 62784] 
1528386929.97 [15792  1152 -6492] [ 2432   816 65074] 
1528386930.08 [14680  1164 -6716] [2352 1916 2251] 
1528386930.19 [15880  2396 -6568] [2384 2283 1420] 
1528386930.3 [14388  1412 -6244] [2480 1255 3166] 
1528386930.41 [14752  1300 -5924] [2368 1925  686] 
1528386930.52 [14364  1176 -5496] [2384 2558 1590] 
1528386930.63 [14520  1780 -4508] [ 2368  3317 64450] 
1528386930.74 [16144   484 -5936] [ 2416  3685 65074] 
1528386930.85 [16500  1648 -4564] [ 2352  4963 65423] 
1528386930.96 [15468   468 -4888] [2464 4251 2651] 
1528386931.07 [15208   628 -5168] [2416 3399 2651] 
1528386931.18 [15660  1116 -4204] [2384 4189  682] 
1528386931.29 [17352  1460 -4588] [ 2416  2691 64504] 
1528386931.4 [16540   520 -5808] [2464 3991 1793] 
1528386931.51 [14740  1440 -3536] [ 2384  2774 64709] 
1528386931.61 [15112  2112 -3480] [ 2480  1717 62914] 
1528386931.72 [15128  2768 -3620] [ 2480   558 64504] 
1528386931.83 [15720  1772 -5188] [ 2432 64991 65395] 
1528386931.94 [15376  2004 -4852] [2384  925  663] 
1528386932.05 [15112  1436 -4752] [ 2352 64621 64618] 
1528386932.16 [16056  1600 -4792] [ 2384   438 64075] 
1528386932.27 [15492  1784 -5588] [ 2352 65255 65006] 
1528386932.38 [15136  1824 -5412] [ 2416 62869 64311] 
1528386932.49 [14676  1444 -5744] [ 2384 61605 64185] 
1528386932.6 [14992   820 -6132] [ 2384 61604 63250] 
1528386932.71 [15836  1344 -7424] [ 2432 58880 64251] 
1528386932.82 [14804   620 -7760] [ 2368 60051 65522] 
1528386932.93 [14348  1192 -7120] [ 2464 62034  2229] 
1528386933.03 [12992  1972 -4184] [ 2416 59580 63986] 
1528386933.14 [14404  1344 -5168] [ 2384 63140 63885] 
1528386933.25 [15800  1912 -7396] [ 2416 64565    76] 
1528386933.36 [14640  1236 -6964] [ 2384 63859 65504] 
1528386933.47 [14752  1984 -6652] [ 2416   732 64892] 
1528386933.58 [14632  3008 -5972] [ 2432   918 65396] 
1528386933.69 [14964  2924 -6856] [2384  419 1306] 
1528386933.8 [14100  2368 -6248] [ 2416 64141   722] 
1528386933.91 [14704  2248 -6136] [ 2384   331 64760] 
1528386934.02 [15032  2704 -5844] [ 2416 65260 64633] 
1528386934.13 [15224  2568 -6740] [ 2432 65234   450] 
1528386934.24 [14556  2004 -6328] [ 2416   564 64968] 
1528386934.35 [14392  2484 -6484] [2352  440  989] 
1528386934.46 [14060  1948 -6488] [2384  678  195] 
1528386934.57 [14576  2944 -6236] [2352  913   90] 
1528386934.68 [15168  2616 -7008] [2416  354  130] 
1528386934.79 [15052  2620 -6392] [2384  480   57] 
1528386934.9 [15304  2192 -6260] [ 2416 64615 65524] 
1528386935.01 [14604  2472 -6148] [ 2432 65236  1015] 
1528386935.12 [14956  2404 -6312] [ 2464   420 65397] 
1528386935.22 [14352  2424 -5632] [ 2464 64682    17] 
1528386935.33 [15228  1932 -6248] [ 2432   742 64963] 
1528386935.44 [15688  2972 -6296] [ 2416 65473 65437] 
1528386935.55 [15060  2464 -5588] [ 2432   735 65274] 
1528386935.66 [14604  2264 -5824] [2384  861  477] 
1528386935.77 [15044  2100 -6500] [ 2352   622 65376] 
1528386935.88 [15348  2672 -6644] [2480  715  385] 
1528386935.99 [14628  3072 -5972] [2368 1181  749] 
1528386936.1 [14852  2912 -5764] [2352  152  192] 
1528386936.21 [14528  3068 -5868] [2416   88  648] 
1528386936.32 [14480  2856 -6020] [ 2384 65148 65320] 
1528386936.43 [14604  2372 -6256] [2368  409  318] 
1528386936.54 [14920  2720 -5452] [ 2368    67 65074] 
1528386936.64 [15160  3336 -5856] [2416  816  163] 
1528386936.75 [14876  2892 -5536] [ 2432    87 64732] 
1528386936.86 [15584  2240 -6360] [ 2352  1242 64729] 
1528386936.97 [14636  3092 -5904] [2416   80  571] 
1528386937.08 [14548  2440 -6068] [ 2384  2024 65493] 
1528386937.19 [14456  2852 -6472] [ 2480   419 65485] 
1528386937.3 [14652  2456 -6596] [2384  100  475] 
1528386937.41 [14500  3080 -6032] [ 2384  1295 65139] 
1528386937.52 [15104  3256 -6060] [ 2384 65011   587] 
1528386937.63 [14948  3112 -6692] [ 2464 64608   110] 
1528386937.74 [14220  2828 -5712] [2368  155   26] 
1528386937.85 [14572  2224 -5792] [ 2464 64574 64656] 
1528386937.96 [14972  2688 -5840] [ 2416 65441 65411] 
1528386938.06 [15364  2760 -6220] [2432  383   71] 
1528386938.17 [14984  2944 -6264] [ 2368 65177  1080] 
1528386938.28 [15568  2548 -6268] [2416  292 1406] 
1528386938.39 [15956  2740 -6740] [ 2464 65388  2954] 
1528386938.5 [15508  2708 -6032] [2416  830 5586] 
1528386938.61 [15824  3964 -4224] [2480 2218 7960] 
1528386938.72 [13536  4076 -1676] [ 2384  3790 63202] 
1528386938.83 [14740  2976 -2628] [ 2384  2375 63735] 
1528386938.94 [14892  4724 -3280] [ 2416   845 61360] 
1528386939.05 [16192  3220 -4548] [ 2384 65489 63322] 
1528386939.16 [17304  4780 -4384] [ 2416 63340  2806] 
1528386939.27 [15652  3576 -2064] [ 2432 60080  8483] 
1528386939.38 [15796  3000   372] [ 2464 56523  9639] 
1528386939.49 [16544  3492  1244] [ 2496 55503 65126] 
1528386939.59 [17668  3724   612] [ 2320 57129  2046] 
1528386939.7 [16392  2896  1752] [ 2464 57891   122] 
1528386939.81 [16280   888  2300] [ 2432 60392   108] 
1528386939.92 [16844 -1912  1860] [ 2384 59637   806] 
1528386940.03 [16504 -3472  1556] [ 2416 61731   173] 
1528386940.14 [17000 -2340  1944] [ 2368 64289 64100] 
1528386940.25 [17176 -2868  2912] [ 2416 60770  1258] 
1528386940.36 [14532 -3548  1388] [ 2416 64690 65317] 
1528386940.47 [17192 -2936  1192] [ 2480   704 65008] 
1528386940.58 [16484 -2776  1660] [2432    8 1294] 
1528386940.69 [15232 -3004   840] [2496  189  233] 
1528386940.8 [17156 -3840  2008] [ 2464 65237   208] 
1528386940.91 [15496 -4136  1748] [ 2432   636 65171] 
1528386941.02 [16596 -4384  2444] [2416  395  818] 
1528386941.13 [16100 -4260  2124] [2384 2479  407] 
1528386941.24 [14788 -3080   916] [ 2352  2568 63588] 
1528386941.34 [15472 -1960  1684] [ 2384 65535 62643] 
1528386941.45 [15612 -2532   436] [ 2416 64277 57495] 
1528386941.56 [16308 -3156 -1744] [ 2384 64469 55759] 
1528386941.67 [16384 -2736 -4416] [ 2352 63684 58170] 
1528386941.78 [16556  -852 -5476] [ 2464 63512 64187] 
1528386941.89 [16348  1472 -4996] [ 2432 64038  2068] 
1528386942.0 [15448  1428 -4716] [ 2416 65296   689] 
1528386942.11 [15208  1172 -4252] [ 2352  1056 64230] 
1528386942.22 [15524   492 -4768] [ 2384  1324 63898] 
1528386942.33 [15664   472 -5388] [2464  545  928] 
1528386942.44 [16080   992 -5372] [ 2384   158 65519] 
1528386942.55 [15404   960 -4708] [2432 1528  637] 
1528386942.66 [15320   748 -4764] [2368 1956 2032] 
1528386942.77 [15700   372 -4660] [2464 2095 2323] 
1528386942.87 [16036  -520 -4472] [ 2464  2282 64845] 
1528386942.98 [16092 -1208 -3644] [2464 1990  120] 
1528386943.09 [15948 -2672 -3116] [2384 3539 1894] 
1528386943.2 [15732 -3692 -2104] [2352 1660 6639] 
1528386943.31 [16940 -4272  -772] [2480 1115 7149] 
1528386943.42 [15600 -3236   860] [ 2368 64560 64875] 
1528386943.53 [15936 -3776   764] [2432  286 1998] 
1528386943.64 [15884 -3660   680] [ 2368   121 65191] 
1528386943.75 [15228 -3300  -384] [ 2432 64017 64331] 
1528386943.86 [14176 -2996  -860] [ 2432  1383 62298] 
1528386943.97 [15572 -3184 -1140] [ 2480    75 63560] 
1528386944.08 [16140 -2944 -1748] [ 2352   508 59716] 
1528386944.19 [16436 -2488 -3860] [ 2464   508 59492] 
1528386944.29 [17048 -2068 -5464] [ 2496  1005 64305] 
1528386944.4 [16316 -1296 -5064] [2384 1894  819] 
1528386944.51 [16784 -2216 -5280] [ 2464  1436 64522] 
1528386944.62 [17280 -2040 -5532] [2352 2071  379] 
1528386944.73 [16156  -632 -4400] [2464 2896  278] 
1528386944.84 [15864  -372 -4712] [2352  313  916] 
1528386944.95 [15596 -1576 -4956] [2352  918 1722] 
1528386945.06 [16144  -300 -4112] [ 2416  4154 65177] 
1528386945.17 [15972  1196 -3208] [ 2432  1899 64127] 
1528386945.28 [16116  -260 -4272] [ 2416 64492 65318] 
1528386945.39 [15792  -232 -3664] [2464  573 2889] 
1528386945.5 [16168  -500 -3072] [2320  748 1675] 
1528386945.61 [15372  -776 -2956] [ 2432 65365 64833] 
1528386945.72 [17068  -896 -2872] [ 2384  2072 62489] 
1528386945.82 [18080 -1824 -3924] [ 2384   468 64073] 
1528386945.93 [17568 -1700 -4072] [2480 2007 2447] 
1528386946.04 [15460 -1480 -2460] [ 2432 64814  1206] 
1528386946.15 [15016   332 -2208] [2352 1205  508] 
1528386946.26 [14960  -400 -2464] [ 2416 65087  3271] 
1528386946.37 [15908 -1420 -2288] [ 2480  2439 65141] 
1528386946.48 [17700  -904 -1924] [ 2416  3892 63813] 
1528386946.59 [16324 -1908 -2736] [ 2480  1726 65467] 
1528386946.7 [15992 -1396 -2596] [2416 1920 1505] 
1528386946.81 [15916 -1344 -2156] [2384 2164 1539] 
1528386946.92 [15176 -1300 -2404] [ 2352  3283 65465] 
1528386947.03 [15516  -744 -2588] [2384 2469  463] 
1528386947.14 [15828 -1096 -2636] [ 2464  2903 64835] 
1528386947.24 [16940 -1116 -2800] [ 2416  3016 62561] 
1528386947.35 [17204 -1260 -2672] [ 2368  1968 64081] 
1528386947.46 [18724  -608 -3820] [ 2352  3545 64109] 
1528386947.57 [19076  1544 -3228] [ 2416  4229 61912] 
1528386947.68 [17176  1104 -3532] [ 2464   945 61727] 
1528386947.79 [15832  1308 -3572] [ 2352 64582  1895] 
1528386947.9 [14204  1056 -2968] [ 2384 64740  3540] 
1528386948.01 [13360   448 -2692] [ 2432   264 63993] 
1528386948.12 [14888   452 -4488] [ 2432  2674 63109] 
1528386948.23 [14364   896 -5772] [2384 3972  415] 
1528386948.34 [15180  2568 -4916] [2368 4274 2832] 
1528386948.45 [16072  2212 -4912] [ 2368  4472 65166] 
1528386948.56 [15980  2804 -4456] [ 2368  2538 65469] 
1528386948.67 [14900  2628 -3584] [ 2432  3234 63303] 
1528386948.77 [15996  3388 -4600] [ 2432  1669 64287] 
1528386948.88 [16860  3624 -5048] [ 2464    70 63427] 
1528386948.99 [16420  3556 -4476] [ 2416 63511 64614] 
1528386949.1 [14856  2660 -5140] [ 2352 62682  1075] 
1528386949.21 [14988  3084 -4744] [ 2352 61487 65184] 
1528386949.32 [14380  1944 -4908] [ 2416 61712 65074] 
1528386949.43 [15504  2264 -7300] [ 2480 63958  2308] 
1528386949.54 [13856  2208 -5688] [ 2432 65335  2848] 
1528386949.65 [13892  3372 -3272] [ 2352   616 61447] 
1528386949.76 [15792  2596 -6104] [ 2416  1197 60508] 
1528386949.87 [15260  3056 -5484] [ 2368 64146 65407] 
1528386949.98 [15088  2472 -6100] [2384 1333  311] 
1528386950.09 [15800  2792 -6484] [2368 1639 2152] 
1528386950.2 [17008  3948 -6420] [ 2384 63734  4367] 
1528386950.3 [14608  1260 -4592] [ 2384 60563   158] 
1528386950.41 [15348  -784 -1444] [ 2352 57135 17215] 
1528386950.52 [13068  1304  3712] [ 2464 57837 15625] 
1528386950.63 [18588  3236  3704] [ 2480 56031 64449] 
1528386950.74 [17516  5232  3316] [ 2416 51657 63447] 
1528386950.85 [14968   196  2904] [ 2416 54283 63112] 
1528386950.96 [16460  1960  2048] [ 2368 61058 58030] 
1528386951.07 [14336 -1200   -24] [ 2464 62589 59581] 
1528386951.18 [14488   -24 -1996] [ 2432 61933 59705] 
1528386951.29 [14768  -648 -2996] [ 2464 58079 62543] 
1528386951.4 [17264  1188 -3112] [ 2432 54539   909] 
1528386951.51 [17152  -320 -3124] [ 2464 56938  7975] 
1528386951.62 [17588  1596   492] [ 2384 57517  6846] 
1528386951.73 [18664   580   160] [ 2464 56100 58499] 
1528386951.83 [17760 -3436 -4860] [ 2464 51583 55489] 
1528386951.94 [15928 -4624 -9392] [ 2416 51567 61621] 
1528386952.05 [16556 -4036 -9172] [ 2544 58471  1454] 
1528386952.16 [14184 -4508 -7772] [ 2384 62982  1997] 
1528386952.27 [12404 -7200 -7904] [ 2496 63058  2073] 
1528386952.38 [13420 -5800 -7680] [ 2480  2021 63439] 
1528386952.49 [13100 -4068 -5944] [ 2480  1376 61792] 
1528386952.6 [12504 -4776 -7152] [2368 3472  913] 
1528386952.71 [ 12084  -8160 -10820] [ 2480  3011 64417] 
1528386952.82 [13148 -5772 -8560] [ 2464 63089    59] 
1528386952.93 [13720 -2820 -6676] [ 2464 63861   451] 
1528386953.04 [13600 -3396 -7408] [ 2432 61407  2925] 
1528386953.15 [13468 -4404 -7140] [ 2480 60341  5617] 
1528386953.25 [14884  -788 -7068] [ 2368 64517 63352] 
1528386953.36 [13928  1284 -6836] [ 2368 65315 62228] 
1528386953.47 [15096 -1108 -5768] [2384 3365 1928] 
1528386953.58 [15484  -740 -6292] [ 2352 64527  1866] 
1528386953.69 [13648  -992 -6784] [ 2432 59477    59] 
1528386953.8 [14636 -1316 -7352] [ 2416 63626 63013] 
1528386953.91 [13384 -1384 -7416] [ 2416 63170 64767] 
1528386954.02 [13068 -2064 -8296] [ 2480 65522   702] 
1528386954.13 [14612  -392 -7132] [ 2368 65269 63676] 
1528386954.24 [15432  -692 -8576] [ 2384 64107 63976] 
1528386954.35 [14716  -976 -8312] [2432 1522 1678] 
1528386954.46 [14024  -312 -7272] [2384  341  580] 
1528386954.57 [13416 -1340 -7500] [2416 1298  909] 
1528386954.67 [13480  -520 -7064] [ 2432   831 65080] 
1528386954.78 [14348 -1228 -7912] [ 2464   213 63924] 
1528386954.89 [13936  -868 -7668] [2368 1477   34] 
1528386955.0 [13544  -744 -7908] [ 2368   712 65269] 
1528386955.11 [13956 -1532 -8132] [2368 2602  659] 
1528386955.22 [14304 -2052 -7640] [2416 1957  232] 
1528386955.33 [13944 -2808 -8436] [2432 1197 1067] 
1528386955.44 [13748 -2936 -7168] [2384 3030 2282] 
1528386955.55 [13868 -1896 -5972] [2432 5255  468] 
1528386955.66 [14904   -20 -6408] [2352 3177 1758] 
1528386955.77 [15268   200 -6136] [2384 4433 4165] 
1528386955.88 [14752   772 -4500] [ 2368  3489 65535] 
1528386955.99 [15436   160 -5288] [ 2384  1790 64852] 
1528386956.1 [15080 -1200 -5808] [2416   79  450] 
1528386956.21 [14764 -1248 -5828] [ 2416    40 64552] 
1528386956.31 [16088  -940 -6308] [ 2384 65060 62896] 
1528386956.42 [15624 -1312 -5788] [ 2416 65184 64613] 
1528386956.53 [15072 -2404 -5912] [ 2352   971 65208] 
1528386956.65 [15164 -1412 -6080] [ 2464   631 65489] 
1528386956.76 [15052 -1564 -6528] [2368 1515  837] 
1528386956.86 [14752 -1384 -6748] [2384  797 1611] 
1528386956.97 [14916 -1252 -5192] [ 2416   852 65135] 
1528386957.08 [15288 -1100 -5352] [ 2368   510 65035] 
1528386957.19 [14928 -2084 -6112] [ 2432   100 65148] 
1528386957.3 [15072 -2012 -5668] [ 2368  1170 64856] 
1528386957.41 [15128 -1464 -6440] [2384  852 1074] 
1528386957.52 [15304 -1908 -6040] [2464 1220  486] 
1528386957.63 [15040 -1908 -5832] [ 2416 65139 64500] 
1528386957.74 [15312 -1416 -5840] [2416 1225   94] 
1528386957.85 [15000 -1980 -6332] [ 2384   190 65372] 
1528386957.96 [14944 -1524 -5908] [2384  549  185] 
1528386958.07 [15288  -864 -5316] [ 2432 64456 65312] 
1528386958.18 [15780 -1056 -6224] [ 2352 64295    57] 
1528386958.28 [14680 -1312 -6272] [ 2320   136 63971] 
1528386958.39 [14152 -1680 -6036] [ 2384 64567 63174] 
1528386958.5 [14784 -1616 -8096] [ 2352 64583 64091] 
1528386958.61 [14924 -1768 -7240] [ 2352 63208 65398] 
1528386958.72 [13620 -3104 -7712] [ 2352 61564   809] 
1528386958.83 [13868 -3088 -7548] [ 2416 65102 62202] 
1528386958.94 [13152 -2820 -8848] [ 2352 61996 60270] 
1528386959.05 [12288 -4936 -9844] [ 2416 64818 64006] 
1528386959.16 [12404 -2656 -9792] [ 2320 65398  1064] 
1528386959.27 [12992 -3120 -9448] [ 2432   154 65387] 
1528386959.38 [12884 -1936 -9024] [ 2368 64312   609] 
1528386959.49 [ 6668 -3008 -7180] [ 2352 64022  1943] 
1528386959.6 [12636 -2508 -9700] [ 2384 64401  2093] 
1528386959.71 [13016  -452 -8852] [ 2352 64306 63645] 
1528386959.81 [11748 -2720 -9100] [ 2432   736 64647] 
1528386959.92 [13156 -1976 -9296] [ 2352 64838   840] 
1528386960.03 [12744 -3580 -9492] [2368 1513  781] 
1528386960.14 [12728  -820 -8024] [2320 1190  683] 
1528386960.25 [12712 -2840 -9408] [2384  791 1642] 
1528386960.36 [12880 -2464 -8196] [ 2368 61943 65105] 
1528386960.47 [14032 -3256 -9460] [ 2416 63177 63736] 
1528386960.58 [12688 -3648 -9084] [ 2352 64137  1152] 
1528386960.69 [13056 -1432 -8928] [2368 2256   66] 
1528386960.8 [12640 -2392 -7636] [ 2352   172 64722] 
1528386960.91 [13072 -2492 -9156] [2320  150  584] 
1528386961.02 [13792 -1860 -9168] [ 2304 63190   170] 
1528386961.13 [13304 -3096 -9680] [ 2256 64817   679] 
1528386961.24 [13584 -3228 -9376] [ 2320   286 64367] 
1528386961.35 [13924 -2148 -8780] [ 2384 64766 63943] 
1528386961.46 [ 13272   -556 -10120] [2368 1452 1318] 
1528386961.57 [11936 -2264 -9572] [2352  635 2742] 
1528386961.68 [12304 -1864 -8724] [ 2288 65149  2363] 
1528386961.78 [13928 -2964 -7400] [ 2352 64187  2938] 
1528386961.89 [13356 -1912 -8216] [ 2352 64939 62819] 
1528386962.0 [13468 -1604 -8028] [ 2352   319 64814] 
1528386962.11 [14940 -1192 -8164] [ 2384  1046 65465] 
1528386962.22 [13032 -1184 -8736] [ 2352 65113   568] 
1528386962.33 [13220 -2092 -8796] [2352  834  940] 
1528386962.44 [13028 -1744 -7792] [ 2368 64119 64706] 
1528386962.55 [13632 -2108 -8504] [2304  201  225] 
1528386962.66 [13728 -2176 -8256] [2288  160  177] 
1528386962.77 [13680 -1376 -8368] [ 2416 65341 65153] 
1528386962.88 [12704 -2204 -8220] [2320  372  957] 
1528386962.99 [13360 -1708 -8636] [ 2352   723 65513] 
1528386963.1 [13244 -1524 -8016] [ 2304 64354   384] 
1528386963.21 [13896 -2356 -8372] [ 2352   338 64505] 
1528386963.31 [14116 -2120 -8120] [ 2320  1012 65214] 
1528386963.42 [13236 -1076 -8204] [2320 2080  114] 
1528386963.53 [13192 -1876 -7932] [ 2256 65109  1101] 
1528386963.64 [13940 -1888 -8264] [ 2352   843 64511] 
1528386963.75 [13624 -1932 -8196] [2320  212   65] 
1528386963.86 [13796 -1472 -8328] [2320  685  200] 
1528386963.97 [13584 -1620 -8192] [ 2352 64729 65304] 
1528386964.08 [13424 -1892 -8344] [ 2416   744 65310] 
1528386964.19 [13896 -1260 -8440] [ 2320   178 65491] 
1528386964.3 [13132 -2476 -8716] [2352  915  159] 
1528386964.41 [13944 -1612 -8256] [ 2240   874 65333] 
1528386964.52 [13468 -1664 -8204] [2304 2031  537] 
1528386964.63 [13120 -1568 -7992] [ 2352    25 65515] 
1528386964.73 [13588 -1728 -8396] [ 2352 65028    15] 
1528386964.84 [13800 -1712 -7960] [ 2304 65348   109] 
1528386964.95 [14084 -1836 -8052] [ 2352 62608 65384] 
1528386965.06 [14108 -1564 -8108] [ 2352   178 64880] 
1528386965.17 [13612 -1740 -8612] [ 2352 65218   585] 
1528386965.28 [13060 -2480 -8400] [ 2320 64450   929] 
1528386965.39 [13744 -1384 -7844] [ 2384  1054 65007] 
1528386965.5 [13316 -2304 -8288] [ 2384 65422 65453] 
1528386965.61 [13708 -1800 -8600] [2288  147  176] 
1528386965.72 [13920 -1248 -8388] [2368  925  118] 
1528386965.83 [12676   260 -6060] [ 2352 64263 65055] 
1528386965.94 [12300 -3512 -8328] [ 2368 63866   824] 
1528386966.05 [14420  -964 -8668] [2352 1039  274] 
1528386966.15 [ 16916  -3552 -12680] [ 2320  2580 64832] 
1528386966.26 [ 20248  -2176 -11156] [2320 1370 1371] 
1528386966.37 [12568 -1384 -9512] [2368  185 1539] 
1528386966.48 [13700 -2708 -8252] [ 2320 64423 64438] 
1528386966.59 [12968 -2208 -7828] [2352   47  377] 
1528386966.7 [13564 -2256 -8492] [2320 2760  124] 
1528386966.81 [13616 -2568 -8296] [2368 5477   80] 
1528386966.92 [15172   740 -8852] [2304 4823  392] 
1528386967.03 [13896 -3708 -3256] [ 2352 64758 64018] 
1528386967.14 [13460 -2224 -6944] [2288 1296  581] 
1528386967.25 [14988 -2044 -8568] [2368  365  129] 
1528386967.36 [14412 -3952 -7528] [ 2352 65003 64760] 
1528386967.47 [13924 -1476 -8576] [2288 1049 1348] 
1528386967.58 [12724 -1868 -8688] [ 2208 64259 64930] 
1528386967.68 [13908 -1152 -6256] [ 2288 63753    32] 
1528386967.79 [14280 -2068 -8216] [ 2352 65038   329] 
1528386967.9 [13600  -584 -7588] [2320  754  288] 
1528386968.01 [13440 -1632 -7636] [ 2352  1105 65382] 
1528386968.12 [14568 -3208 -9148] [2352  657  457] 
1528386968.23 [10848 -1944 -5684] [2304 1616  228] 
1528386968.34 [14508 -1128 -6912] [ 2240  2500 64752] 
1528386968.45 [15020 -2944 -7524] [2320 3432 2199] 
1528386968.56 [12952   616 -6372] [ 2288  4980 64501] 
1528386968.67 [10248 -1632 -5604] [2384 4062  991] 
1528386968.78 [10144  -300 -9004] [ 2320  2643 65279] 
1528386968.89 [17656 -2700 -9244] [ 2320  2024 64431] 
1528386968.99 [14684 -1944 -7684] [2320 1216  692] 
1528386969.1 [13284 -1504 -6288] [ 2352   695 65305] 
1528386969.21 [14944 -1532 -7244] [2352  137  309] 
1528386969.32 [14608 -1372 -6872] [ 2352 65479 65277] 
1528386969.43 [14568 -1612 -6572] [ 2288   528 65360] 
1528386969.54 [14064  -976 -7076] [ 2288   273 65487] 
1528386969.65 [13444  -620 -4408] [ 2352 65435 65462] 
1528386969.76 [18264 -1276 -9756] [2352  313  321] 
1528386969.87 [16284 -4908 -8272] [ 2320   166 65464] 
1528386969.98 [13544 -2116 -7456] [2352    5   83] 
1528386970.09 [13948 -1696 -6708] [2352  304  393] 
1528386970.2 [14592 -2028 -7120] [ 2320   181 65348] 
1528386970.31 [14344 -1628 -7264] [2320  363  107] 
1528386970.42 [14352 -1688 -6968] [2320  108   92] 
1528386970.52 [14600 -1756 -6924] [ 2352    40 65271] 
1528386970.63 [14112 -1824 -7404] [2320  470  239] 
1528386970.74 [16740 -4088 -8056] [ 2320 65481 65015] 
1528386970.85 [13284 -1972 -7128] [2320  300   94] 
1528386970.96 [14388 -1372 -6696] [ 2352   213 65310] 
1528386971.07 [14884 -1588 -7120] [ 2288   120 65479] 
1528386971.18 [13964 -1548 -7148] [2368  297  124] 
1528386971.29 [14616 -1920 -7080] [ 2208   151 65526] 
1528386971.4 [14200 -1472 -6876] [ 2256   299 65359] 
1528386971.51 [14500 -1448 -6976] [2320  333  323] 
1528386971.62 [14680 -1572 -7120] [ 2256 65458   375] 
1528386971.73 [14268 -1976 -6868] [ 2304   613 65193] 
1528386971.84 [14136 -1692 -7004] [ 2256 65462   432] 
1528386971.95 [14396 -1892 -7144] [ 2304   128 65221] 
1528386972.05 [14608 -1548 -6952] [2208  230  116] 
1528386972.16 [14156 -1684 -7268] [ 2208   605 65297] 
1528386972.27 [14544 -1848 -6976] [ 2240 65469    78] 
1528386972.38 [14252 -1648 -7084] [2304  224   66] 
1528386972.49 [14460 -1648 -6824] [ 2304   255 65415] 
1528386972.6 [14656 -1324 -7200] [ 2208 65518 65493] 
1528386972.71 [14608 -1640 -7204] [2288  400   18] 
1528386972.82 [14224 -1704 -7036] [ 2240   260 65323] 
1528386972.93 [13916 -1928 -6680] [ 2256 65372 65394] 
1528386973.04 [14092 -1580 -7968] [2320  623  509] 
1528386973.15 [14732 -2432 -6528] [ 2352   347 64616] 
1528386973.26 [13644 -1432 -8276] [ 2256 65521  1065] 
1528386973.37 [15012 -1928 -6348] [ 2256    83 64877] 
1528386973.47 [14176 -1880 -7340] [2256  431  213] 
1528386973.58 [14156 -1740 -7336] [ 2256   461 65492] 
1528386973.69 [14816 -1960 -6776] [ 2256 65280 65190] 
1528386973.8 [14080 -1236 -7764] [2256  639  461] 
1528386973.91 [16876 -2728 -6232] [ 2256 65130 64052] 
1528386974.02 [12060 -1724 -6220] [2240  598  524] 
1528386974.13 [14732 -1244 -7340] [2288  108   91] 
1528386974.24 [14616 -1440 -7152] [ 2256   240 65376] 
1528386974.35 [13884 -1492 -7020] [2288  173   88] 
1528386974.46 [14496 -1808 -7204] [ 2256   244 65502] 
1528386974.57 [14344 -1944 -7004] [ 2176   268 65484] 
1528386974.68 [14484 -1740 -7352] [2240  115   58] 
1528386974.79 [14204 -1804 -7028] [2256  265   70] 
1528386974.9 [14324 -1752 -7112] [ 2208   146 65497] 
1528386975.0 [14120 -1744 -7120] [2208  176  168] 
1528386975.11 [14256 -1880 -7504] [2240  300  105] 
1528386975.22 [14324 -1968 -7196] [2256  145   53] 
1528386975.33 [14276 -1708 -7180] [2208  280   38] 
1528386975.44 [14300 -1940 -6964] [ 2240   195 65464] 
1528386975.55 [14308 -1720 -7156] [ 2288   202 65488] 
1528386975.66 [14676 -1552 -7576] [2192  339  244] 
1528386975.77 [14516 -1564 -6896] [ 2208   155 65262] 
1528386975.88 [14004 -1584 -7324] [ 2256   375 65466] 
1528386975.99 [14580 -1948 -7100] [2288  127   44] 
1528386976.1 [14160 -1644 -7068] [ 2288   202 65510] 
1528386976.21 [14676 -2020 -7468] [2256  291  100] 
1528386976.32 [14516 -1892 -7016] [ 2304   179 65400] 
1528386976.42 [14236 -1480 -7196] [2240  192  135] 
1528386976.53 [14444 -2084 -6916] [ 2256   269 65379] 
1528386976.64 [14096 -1352 -7208] [2240  151   83] 
1528386976.75 [14376 -1940 -7320] [ 2208   336 65529] 
1528386976.86 [14408 -1700 -7220] [2288  132  100] 
1528386976.97 [14468 -2016 -7108] [ 2256   260 65492] 
1528386977.08 [14232 -1656 -7160] [2288  176    6] 
1528386977.19 [14408 -1648 -7136] [ 2208   185 65499] 
1528386977.3 [14576 -1720 -6912] [ 2208   241 65318] 
1528386977.41 [14376 -1716 -7216] [ 2288   225 65424] 
1528386977.52 [14004 -1920 -7364] [2320  268  730] 
1528386977.63 [14104 -2128 -7276] [ 2208   145 65485] 
1528386977.74 [14480 -1412 -6956] [ 2192   255 65254] 
1528386977.84 [14492 -1268 -7032] [2256  201  113] 
1528386977.95 [13952 -1668 -6860] [ 2288   217 65516] 
1528386978.06 [14452 -1804 -7304] [2256  270   86] 
1528386978.17 [14240 -1556 -6988] [ 2320   147 65535] 
1528386978.28 [14316 -1388 -7076] [ 2288   289 65461] 
1528386978.39 [14540 -1764 -6896] [2256   92   17] 
1528386978.5 [14100 -1716 -7396] [2176  323   68] 
1528386978.61 [14544 -1948 -6876] [ 2288    76 65457] 
1528386978.72 [14048 -1504 -7304] [2192  308   19] 
1528386978.83 [14632 -1788 -6876] [ 2256   122 65485] 
1528386978.94 [14292 -1588 -7328] [2352  211   91] 
1528386979.05 [14580 -1704 -7012] [ 2240   142 65509] 
1528386979.16 [14252 -1632 -7168] [2192  217   10] 
1528386979.27 [14552 -1880 -7180] [2240  206   15] 
1528386979.38 [14188 -1740 -7212] [2288  194   17] 
1528386979.49 [14536 -1756 -7060] [2288  212   25] 
1528386979.6 [ 13720   -952 -11408] [2192  318  737] 
1528386979.71 [14016 -2220 -7300] [ 2256    16 65295] 
1528386979.82 [13880 -1652 -6984] [ 2288   512 65384] 
1528386979.93 [14668 -1676 -7432] [2208  229   62] 
1528386980.04 [13976 -1400 -6524] [ 2208    10 65287] 
1528386980.14 [14676 -1764 -7280] [2240  210  273] 
1528386980.25 [14220 -1608 -7036] [ 2208   276 65409] 
1528386980.36 [14468 -1664 -7300] [ 2240 65528   128] 
1528386980.47 [14224 -1816 -7092] [2288  302  150] 
1528386980.58 [14384 -1672 -7104] [ 2240   205 65382] 
1528386980.69 [14372 -1804 -7044] [2208  129   37] 
1528386980.8 [14304 -1592 -7000] [ 2208   280 65378] 
1528386980.91 [14388 -1720 -7004] [2288  167   37] 
1528386981.02 [14324 -1760 -7228] [ 2208   240 65461] 
1528386981.13 [14356 -1560 -6884] [ 2208   240 65513] 
1528386981.24 [14332 -1612 -6988] [2256  162   11] 
1528386981.35 [14296 -1612 -6972] [ 2208   266 65503] 
1528386981.46 [14400 -1764 -6904] [ 2304   188 65482] 
1528386981.57 [14412 -1704 -7044] [ 2176   252 65500] 
1528386981.68 [14408 -1696 -7196] [2208  274   37] 
1528386981.79 [14332 -1788 -7052] [ 2192   226 65425] 
1528386981.9 [14464 -1612 -7136] [2192  186   19] 
1528386982.01 [14296 -1620 -7192] [ 2256   306 65471] 
1528386982.12 [14352 -1604 -7024] [2192  162   74] 
1528386982.23 [14420 -1640 -7116] [2288  182   60] 
1528386982.34 [14336 -1564 -7052] [ 2208   248 65515] 
1528386982.45 [14544 -1616 -7176] [ 2176   200 65519] 
1528386982.56 [14308 -1696 -7192] [2192  305   42] 
1528386982.66 [14448 -1592 -6972] [ 2256   125 65516] 
1528386982.77 [14344 -1668 -7008] [ 2208   328 65457] 
1528386982.88 [14352 -1500 -7168] [ 2208   300 65517] 
1528386982.99 [14380 -1668 -7128] [2256  186   50] 
1528386983.1 [14432 -1576 -7108] [ 2256   265 65512] 
1528386983.21 [14400 -1692 -7068] [ 2208   194 65507] 
1528386983.32 [14240 -1656 -7288] [2176  239   25] 
1528386983.43 [14456 -1768 -6924] [2256  141   41] 
1528386983.54 [14284 -1436 -7264] [ 2288   184 65525] 
1528386983.65 [14420 -1860 -6904] [ 2192   298 65492] 
1528386983.76 [14356 -1600 -6952] [ 2240    77 65428] 
1528386983.87 [14452 -1600 -6980] [ 2288   437 65342] 
1528386983.98 [13856 -1044 -7756] [2240  279  574] 
1528386984.09 [14708 -2396 -6744] [ 2208    45 65283] 
1528386984.2 [14340 -1708 -7380] [2208  371   46] 
1528386984.3 [11744  -636 -5544] [ 2208  1512 64297] 
1528386984.41 [13964   360 -6100] [ 2208   207 65476] 
1528386984.52 [15264 -2032 -6836] [ 2256   137 65120] 
1528386984.63 [13852  -404 -7852] [2192  128  920] 
1528386984.74 [14436 -2484 -6876] [ 2192   167 65130] 
1528386984.85 [14360 -2016 -7660] [2192  300  284] 
1528386984.96 [14440 -1504 -6680] [ 2192   101 65183] 
1528386985.07 [14424 -1268 -7116] [2208  324   15] 
1528386985.18 [14292 -1764 -7328] [2240  125  188] 
1528386985.29 [14144 -1868 -6980] [ 2208   236 65447] 
1528386985.4 [14556 -1552 -7496] [ 2240   195 65526] 
1528386985.51 [14288 -2004 -6616] [ 2256   149 65378] 
1528386985.62 [14184 -1792 -7440] [2192  303  231] 
1528386985.73 [14308 -1876 -7064] [ 2128   136 65472] 
1528386985.84 [14340 -1624 -7352] [2288  300   45] 
1528386985.94 [14552 -1912 -6784] [ 2256    94 65407] 
1528386986.05 [14380 -1936 -7324] [2288  274    9] 
1528386986.16 [14516 -2112 -6892] [ 2192   148 65487] 
1528386986.27 [14328 -1784 -7276] [2288  319  128] 
1528386986.38 [14328 -1568 -7256] [2256  203   20] 
1528386986.49 [14444 -1560 -7024] [ 2240   181 65488] 
1528386986.6 [14136 -1832 -7072] [2256  197    5] 
1528386986.71 [14356 -1916 -7028] [ 2192   218 65462] 
1528386986.82 [14216 -1696 -7168] [2208  198  119] 
1528386986.93 [14380 -1596 -6976] [ 2192   197 65415] 
1528386987.04 [14356 -1512 -7368] [2208  271  154] 
1528386987.15 [14364 -1680 -7076] [ 2288   162 65469] 
1528386987.26 [14516 -1652 -7328] [2240  251  148] 
1528386987.37 [14152 -1544 -7048] [ 2192   185 65433] 
1528386987.47 [14620 -1776 -7244] [2240  210   86] 
1528386987.58 [14160 -1648 -7184] [ 2192   237 65492] 
1528386987.69 [14580 -1584 -7100] [2192  163   84] 
1528386987.8 [14196 -1532 -7168] [ 2288   220 65475] 
1528386987.91 [14620 -1784 -7080] [2208  167    9] 
1528386988.02 [14072 -1636 -7316] [ 2192   230 65481] 
1528386988.13 [14628 -1812 -6988] [2208  204   37] 
1528386988.24 [14204 -1516 -7232] [ 2192   254 65514] 
1528386988.35 [14508 -1848 -6760] [ 2176   191 65506] 
1528386988.46 [14136 -1632 -7380] [2192  316  136] 
1528386988.57 [14504 -1800 -7176] [2208  153   24] 
1528386988.68 [14428 -1652 -7128] [ 2208   119 65486] 
1528386988.79 [14456 -1664 -6984] [ 2240   242 65456] 
1528386988.9 [14320 -1692 -7208] [2240  196   58] 
1528386989.0 [14452 -1648 -6984] [2176  204   33] 
1528386989.11 [14360 -1440 -7116] [ 2192   208 65481] 
1528386989.22 [14408 -1596 -6940] [2208  187    4] 
1528386989.33 [14168 -1624 -7096] [ 2208   211 65514] 
1528386989.44 [14480 -1784 -7160] [2208  211   19] 
1528386989.55 [14316 -1748 -7052] [ 2240   223 65535] 
1528386989.66 [14536 -1704 -7048] [ 2192   165 65512] 
1528386989.77 [14152 -1648 -7056] [2208  238   26] 
1528386989.88 [14536 -1928 -7268] [ 2208   174 65523] 
1528386989.99 [14332 -1896 -7132] [ 2240   226 65474] 
1528386990.1 [14428 -1856 -7156] [2208  243   15] 
1528386990.21 [14392 -1644 -7208] [2208  206   41] 
1528386990.32 [14288 -1780 -6980] [ 2208   170 65490] 
1528386990.43 [14332 -1700 -7224] [2240  229   23] 
1528386990.54 [14260 -1756 -7036] [ 2240   155 65490] 
1528386990.65 [14384 -1680 -7184] [2176  246   18] 
1528386990.76 [14456 -1664 -7088] [2288  192   14] 
1528386990.87 [14356 -1704 -7128] [2208  181   16] 
1528386990.98 [14408 -1672 -7112] [2208  216   19] 
1528386991.09 [14436 -1784 -7104] [ 2256   190 65530] 
1528386991.2 [14252 -1704 -7124] [ 2208   237 65516] 
1528386991.3 [14372 -1684 -7016] [2208  209   15] 
1528386991.41 [14292 -1644 -7044] [ 2176   220 65535] 
1528386991.52 [14380 -1676 -7144] [2208  253   17] 
1528386991.63 [14348 -1628 -7024] [ 2192   195 65502] 
1528386991.74 [14292 -1684 -7180] [2144  233   34] 
1528386991.85 [14424 -1800 -7060] [ 2208   193 65485] 
1528386991.96 [14332 -1716 -7288] [2240  228   75] 
1528386992.07 [14472 -1824 -7008] [ 2208   223 65535] 
1528386992.19 [14360 -1632 -7252] [2208  236   13] 
1528386992.3 [14480 -1868 -6976] [ 2240   211 65496] 
1528386992.4 [14268 -1656 -7164] [2208  223   13] 
1528386992.51 [14444 -1672 -6936] [ 2208   201 65521] 
1528386992.62 [14324 -1708 -7116] [2256  226   10] 
1528386992.73 [14372 -1748 -7084] [2208  236    3] 
1528386992.84 [14444 -1776 -7056] [2208  200   20] 
1528386992.95 [14316 -1644 -7132] [2192  223   16] 
1528386993.06 [14372 -1748 -6956] [ 2208   184 65535] 
1528386993.17 [14300 -1672 -7224] [2288  227   33] 
1528386993.28 [14356 -1704 -7128] [2192  206   15] 
1528386993.39 [14484 -1776 -7156] [2192  189   44] 
1528386993.5 [14280 -1720 -7264] [ 2176   216 65528] 
1528386993.6 [14404 -1832 -6952] [2192  195   31] 
1528386993.71 [14248 -1748 -7304] [ 2208   244 65495] 
1528386993.82 [14372 -1716 -7060] [2208  214   68] 
1528386993.93 [14364 -1732 -7268] [ 2176   213 65512] 
1528386994.04 [14392 -1780 -7148] [2208  238   51] 
1528386994.15 [14300 -1736 -7044] [ 2192   203 65484] 
1528386994.26 [14372 -1648 -7172] [2208  232   59] 
1528386994.37 [14420 -1696 -7044] [ 2192   184 65488] 
1528386994.48 [14296 -1660 -7124] [2288  271   85] 
1528386994.59 [14424 -1728 -7068] [ 2256   168 65464] 
1528386994.7 [14316 -1624 -7316] [2256  272  127] 
1528386994.81 [14376 -1676 -7104] [ 2208   190 65406] 
1528386994.92 [14300 -1708 -7172] [2192  258  107] 
1528386995.03 [14260 -1648 -6976] [ 2208   175 65461] 
1528386995.13 [14388 -1672 -7024] [2176  245   60] 
1528386995.24 [14296 -1700 -7208] [ 2288   203 65502] 
1528386995.35 [14380 -1848 -7044] [2208  187   53] 
1528386995.46 [14268 -1780 -7168] [ 2192   207 65504] 
1528386995.57 [14368 -1840 -6840] [2192  231   33] 
1528386995.68 [14276 -1540 -7224] [2192  245    6] 
1528386995.79 [14328 -1708 -7052] [2176  218    0] 
1528386995.9 [14364 -1716 -7180] [ 2288   216 65534] 
1528386996.01 [14340 -1728 -7148] [2208  203   47] 
1528386996.12 [14324 -1772 -7052] [2240  190    5] 
1528386996.23 [14224 -1732 -7004] [ 2208   209 65523] 
1528386996.34 [14304 -1672 -7152] [2144  186   14] 
1528386996.45 [14380 -1728 -7144] [ 2208   221 65505] 
1528386996.56 [14284 -1716 -7140] [2192  262   44] 
1528386996.67 [14492 -1756 -6992] [ 2176   169 65530] 
1528386996.78 [14312 -1728 -7172] [2208  230   19] 
1528386996.88 [14292 -1780 -7048] [2176  210   33] 
1528386996.99 [14372 -1792 -7088] [ 2192   230 65531] 
1528386997.1 [14348 -1728 -7108] [ 2208   187 65532] 
1528386997.21 [14376 -1804 -7140] [2192  216   38] 
1528386997.32 [14328 -1680 -7172] [2176  207    7] 
1528386997.43 [14332 -1608 -7088] [2192  244   28] 
1528386997.54 [14412 -1736 -7176] [ 2208   191 65526] 
1528386997.65 [14376 -1744 -7004] [2208  205    5] 
1528386997.76 [14360 -1756 -7024] [ 2208   221 65534] 
1528386997.87 [14444 -1648 -7116] [ 2144   226 65527] 
1528386997.98 [14332 -1672 -7016] [2288  224    8] 
1528386998.09 [14372 -1660 -7180] [2240  215    7] 
1528386998.2 [14388 -1668 -7100] [2176  187   15] 
1528386998.31 [14288 -1600 -7228] [2240  270   50] 
1528386998.41 [14448 -1708 -6968] [ 2288   190 65503] 
1528386998.52 [14332 -1740 -7000] [2208  198    7] 
1528386998.63 [14364 -1716 -7160] [ 2240   208 65530] 
1528386998.74 [14328 -1760 -7124] [2176  217   69] 
1528386998.85 [14340 -1684 -7324] [ 2208   205 65512] 
1528386998.96 [14452 -1808 -6976] [2192  192    7] 
1528386999.07 [14344 -1736 -7324] [ 2256   240 65528] 
1528386999.18 [14436 -1844 -7044] [ 2176   175 65535] 
1528386999.29 [14356 -1736 -7304] [2288  234   74] 
1528386999.4 [14416 -1776 -7036] [ 2192   173 65502] 
1528386999.51 [14340 -1684 -7148] [2240  232   53] 
1528386999.62 [14384 -1624 -7100] [ 2256   224 65516] 
1528386999.73 [14356 -1696 -6972] [2256  181   34] 
1528386999.84 [14364 -1740 -7148] [ 2240   201 65462] 
1528386999.95 [14292 -1764 -6880] [2208  198   52] 
1528387000.06 [14356 -1524 -7216] [ 2240   213 65525] 
1528387000.16 [14348 -1692 -7036] [2256  229   64] 
1528387000.27 [14356 -1756 -7244] [ 2288   199 65531] 
1528387000.38 [14436 -1912 -7236] [2288  180   47] 
1528387000.49 [14128 -1804 -7180] [2176  228   59] 
1528387000.6 [14772 -1764 -7392] [2240  187    3] 
1528387000.71 [14024 -1804 -6772] [ 2192   160 65484] 
1528387000.82 [14680 -1772 -7324] [2208  305   35] 
1528387000.93 [14140 -1672 -6876] [2288  140   17] 
1528387001.04 [14308 -1384 -7132] [2288  262   81] 
1528387001.15 [14476 -1436 -7084] [ 2208   144 65516] 
1528387001.26 [14228 -1784 -7140] [2176  216   34] 
1528387001.37 [14544 -2084 -7112] [ 2192   208 65422] 
1528387001.48 [14160 -1844 -7192] [2256  243   80] 
1528387001.59 [14444 -1660 -7204] [2208  219   28] 
1528387001.7 [14252 -1604 -7084] [2352  173   52] 
1528387001.8 [14416 -1788 -6964] [ 2256   183 65470] 
1528387001.91 [14288 -1772 -7184] [2208  232   79] 
1528387002.02 [14516 -1868 -6988] [ 2192   162 65444] 
1528387002.13 [14224 -1652 -7304] [2176  294   85] 
1528387002.24 [14500 -1788 -6952] [ 2192   126 65480] 
1528387002.35 [14504 -1568 -7464] [2192  301   64] 
1528387002.46 [14696 -2072 -6804] [ 2288    87 65418] 
1528387002.57 [14216 -1800 -7488] [2192  346  148] 
1528387002.68 [14256 -1764 -6852] [ 2208   154 65471] 
1528387002.79 [14132 -1424 -7128] [2176  306   97] 
1528387002.9 [14436 -1692 -7100] [ 2192   152 65435] 
1528387003.01 [14180 -1760 -7116] [2208  230  162] 
1528387003.12 [14652 -1876 -7120] [ 2208   142 65458] 
1528387003.22 [14296 -1592 -7188] [2208  291   78] 
1528387003.33 [14496 -1484 -7320] [2176  205   80] 
1528387003.44 [14356 -1572 -7220] [ 2240   212 65534] 
1528387003.55 [14484 -1756 -7024] [ 2208   185 65525] 
1528387003.66 [14172 -1616 -7184] [ 2176   247 65495] 
1528387003.77 [14656 -1712 -6856] [ 2240   175 65522] 
1528387003.88 [14264 -1420 -7320] [2240  277   85] 
1528387003.99 [14568 -1784 -6880] [ 2208   148 65522] 
1528387004.1 [14120 -1796 -7264] [2176  227    0] 
1528387004.21 [14476 -2052 -7068] [ 2240   162 65475] 
1528387004.32 [14200 -1900 -7204] [2208  193   25] 
1528387004.43 [14404 -1764 -7124] [2208  178   39] 
1528387004.54 [14348 -1592 -7192] [ 2240   204 65516] 
1528387004.65 [14364 -1728 -7128] [2208  216   13] 
1528387004.75 [14304 -1856 -6916] [ 2144   176 65511] 
1528387004.86 [14184 -1780 -7124] [2208  246   10] 
1528387004.97 [14388 -1752 -7020] [ 2176   220 65528] 
1528387005.08 [14320 -1484 -6996] [2176  217    1] 
1528387005.19 [14452 -1688 -7168] [2192  234   25] 
1528387005.3 [14352 -1804 -7100] [2240  166    9] 
1528387005.41 [14424 -1752 -7336] [2208  239   13] 
1528387005.52 [14440 -1716 -6976] [2240  174    7] 
1528387005.63 [14316 -1612 -7256] [2192  252   19] 
1528387005.74 [14380 -1664 -7016] [2256  201    7] 
1528387005.85 [14220 -1792 -7052] [2256  200   30] 
1528387005.96 [14400 -1796 -7204] [2176  222   21] 
1528387006.07 [14276 -1732 -7048] [ 2208   201 65510] 
1528387006.18 [14364 -1680 -7200] [ 2256   225 65519] 
1528387006.29 [14440 -1712 -7140] [ 2304   187 65518] 
1528387006.4 [14260 -1652 -7208] [2192  213   52] 
1528387006.51 [14460 -1724 -7044] [ 2208   237 65522] 
1528387006.62 [14248 -1784 -7140] [ 2208   206 65528] 
1528387006.72 [14352 -1740 -7112] [2240  265   24] 
1528387006.83 [14332 -1740 -7052] [2192  215   26] 
1528387006.94 [14304 -1740 -7128] [ 2208   198 65509] 
1528387007.05 [14396 -1744 -7156] [2208  214   18] 
1528387007.16 [14292 -1728 -7252] [2208  211    7] 
1528387007.27 [14328 -1756 -6992] [2208  205    9] 
1528387007.38 [14328 -1740 -7120] [2192  199   10] 
1528387007.49 [14388 -1664 -7104] [2208  221    9] 
1528387007.6 [14348 -1768 -7136] [ 2288   225 65529] 
1528387007.71 [14340 -1760 -7084] [2288  186    5] 
1528387007.82 [14416 -1748 -7068] [2176  188   37] 
1528387007.93 [14344 -1684 -7072] [ 2192   225 65525] 
1528387008.04 [14284 -1692 -6964] [2240  218    7] 
1528387008.14 [14292 -1728 -7064] [2192  189   20] 
1528387008.25 [14384 -1704 -7056] [2208  205   44] 
1528387008.36 [14316 -1600 -7248] [2208  218   11] 
1528387008.47 [14408 -1768 -6980] [ 2192   189 65513] 
1528387008.58 [14332 -1676 -7220] [2192  221    9] 
1528387008.69 [14380 -1800 -7100] [ 2256   197 65525] 
1528387008.8 [14312 -1756 -7112] [2256  176    9] 
1528387008.91 [14336 -1688 -7148] [2192  214   18] 
1528387009.02 [14344 -1856 -6996] [2176  218    4] 
1528387009.13 [14312 -1760 -7176] [2256  217   32] 
1528387009.24 [14364 -1848 -7048] [2208  172   19] 
1528387009.35 [14332 -1716 -7076] [2208  209    0] 
1528387009.46 [14272 -1712 -7112] [ 2256   193 65529] 
1528387009.57 [14332 -1776 -7020] [2240  234   45] 
1528387009.67 [14360 -1648 -7216] [ 2192   219 65513] 
1528387009.78 [14476 -1936 -6748] [ 2240   178 65497] 
1528387009.89 [14232 -1532 -7452] [2192  264   22] 
1528387010.0 [14480 -1948 -6564] [ 2192   145 65463] 
1528387010.11 [14248 -1576 -7484] [2192  250  153] 
1528387010.22 [14424 -1776 -6788] [ 2240   152 65462] 
1528387010.33 [14300 -1584 -7264] [2208  245   83] 
1528387010.44 [14364 -1768 -7048] [ 2208   171 65428] 
1528387010.55 [14404 -1728 -7172] [2208  229   64] 
1528387010.66 [14388 -1696 -7216] [ 2192   156 65509] 
1528387010.77 [14376 -1776 -6988] [2208  237   18] 
1528387010.88 [14348 -1736 -7076] [2240  204    6] 
1528387010.99 [14328 -1732 -7056] [ 2256   200 65528] 
1528387011.09 [14300 -1740 -7136] [2208  203   32] 
1528387011.2 [14416 -1708 -7144] [ 2208   190 65526] 
1528387011.31 [14260 -1628 -7192] [ 2192   193 65526] 
1528387011.42 [14420 -1764 -7132] [ 2208   207 65490] 
1528387011.53 [14360 -1720 -7224] [ 2240   223 65524] 
1528387011.64 [14360 -1788 -7148] [ 2192   170 65532] 
1528387011.75 [14304 -1740 -7052] [ 2240   220 65511] 
1528387011.86 [14432 -1624 -7152] [ 2192   263 65527] 
1528387011.97 [14416 -1676 -7040] [2240  223   31] 
1528387012.08 [14368 -1676 -7268] [2208  201   30] 
1528387012.19 [14452 -1700 -7168] [2240  211    7] 
1528387012.3 [14340 -1696 -7152] [ 2192   197 65487] 
1528387012.41 [14388 -1748 -7084] [ 2288   205 65508] 
1528387012.52 [14332 -1620 -7212] [2288  247   43] 
1528387012.62 [14416 -1720 -7056] [2208  214   11] 
1528387012.73 [14340 -1640 -7332] [2208  232   26] 
1528387012.84 [14432 -1744 -7100] [ 2256   191 65531] 
1528387012.95 [14356 -1692 -7180] [ 2192   179 65535] 
1528387013.06 [14352 -1824 -6992] [2192  240   24] 
1528387013.17 [14332 -1696 -7132] [2176  222    5] 
1528387013.28 [14400 -1812 -7116] [2240  222   23] 
1528387013.39 [14420 -1852 -7152] [2256  225    0] 
1528387013.5 [14364 -1760 -7020] [ 2208   181 65516] 
1528387013.61 [14712 -1732 -7372] [ 2208   211 65520] 
1528387013.72 [14204 -1660 -7104] [2256  213   97] 
1528387013.83 [14424 -1764 -7148] [ 2192   174 65534] 
1528387013.94 [14392 -1716 -7252] [2240  239   59] 
1528387014.05 [14412 -1700 -7072] [ 2208   192 65535] 
1528387014.15 [14372 -1712 -6964] [ 2240   183 65497] 
1528387014.26 [14348 -1764 -7196] [ 2240   204 65523] 
1528387014.37 [14336 -1756 -6920] [2192  196    9] 
1528387014.48 [14400 -1652 -7140] [2208  239    6] 
1528387014.59 [14260 -1488 -7048] [2208  252   64] 
1528387014.7 [14532 -1680 -7148] [ 2208   174 65502] 
1528387014.81 [14028 -1852 -7152] [2192  243   59] 
1528387014.92 [14516 -1944 -7276] [ 2192   198 65512] 
1528387015.03 [14240 -1508 -7072] [2208  240    9] 
1528387015.13 [14544 -1528 -6996] [ 2192   176 65464] 
1528387015.24 [14140 -1848 -7040] [2256  198   10] 
1528387015.35 [14336 -1780 -7132] [2288  220   45] 
1528387015.45 [14364 -1668 -7100] [2240  190   16] 
1528387015.56 [14396 -1640 -7040] [2256  177   22] 
1528387015.67 [14380 -1740 -7172] [ 2208   197 65521] 
1528387015.77 [14276 -1728 -7172] [2208  209   54] 
1528387015.88 [14240 -1792 -6988] [ 2192   180 65528] 
1528387015.99 [14504 -1736 -7272] [2208  269    4] 
1528387016.1 [14300 -1728 -7164] [2240  171   23] 
1528387016.21 [14340 -1632 -7280] [2240  231   46] 
1528387016.32 [14512 -1628 -7036] [2288  179   19] 
1528387016.43 [14284 -1616 -7096] [ 2208   211 65525] 
1528387016.54 [14432 -1608 -7140] [2240  240   23] 
1528387016.65 [14396 -1708 -7032] [ 2192   175 65533] 
1528387016.76 [14392 -1516 -7188] [ 2192   213 65481] 
1528387016.87 [14420 -1608 -7056] [2208  221   54] 
1528387016.98 [14296 -1612 -7472] [ 2208   240 65533] 
1528387017.09 [14520 -1752 -7036] [2256  173   19] 
1528387017.19 [14272 -1628 -7228] [ 2256   195 65518] 
1528387017.3 [14468 -1764 -7156] [2256  233   40] 
1528387017.41 [14220 -1636 -7172] [2304  211   49] 
1528387017.52 [14196 -1768 -6952] [2192  168   91] 
1528387017.63 [14288 -1752 -7344] [2256  213    3] 
1528387017.74 [14344 -1964 -6844] [2192  153   15] 
1528387017.85 [14328 -1632 -7380] [ 2240   233 65534] 
1528387017.96 [14532 -1748 -7092] [2192  187   77] 
1528387018.07 [14272 -1460 -7460] [ 2208   226 65494] 
1528387018.18 [14484 -1864 -7004] [2208  141    9] 
1528387018.29 [14376 -1800 -7164] [ 2208   245 65472] 
1528387018.4 [14508 -1976 -7088] [2240  214   49] 
1528387018.51 [14136 -1620 -7064] [ 2320   201 65521] 
1528387018.62 [14616 -1532 -7240] [2192  255   47] 
1528387018.72 [14224 -1504 -6944] [ 2208   110 65508] 
1528387018.83 [14360 -1744 -7264] [2208  249   14] 
1528387018.94 [14404 -1788 -7116] [ 2192   136 65495] 
1528387019.05 [14372 -1712 -7156] [ 2208   259 65516] 
1528387019.16 [14372 -1840 -7100] [2240  216    3] 
1528387019.27 [14324 -1744 -7184] [ 2208   196 65522] 
1528387019.38 [14328 -1756 -7148] [2144  231   52] 
1528387019.49 [14320 -1704 -7060] [ 2192   191 65469] 
1528387019.6 [14344 -1752 -7184] [2208  238   31] 
1528387019.71 [14356 -1828 -7160] [ 2176   209 65526] 
1528387019.82 [14328 -1768 -6984] [2192  203    6] 
1528387019.93 [14756 -1800 -7128] [ 2128   245 65513] 
1528387020.04 [14144 -1492 -7484] [2208  230  185] 
1528387020.15 [14976 -1572 -6824] [ 2128    52 65301] 
1528387020.25 [14060 -1696 -7128] [ 2256   308 65510] 
1528387020.36 [14368 -1860 -7056] [2192  155   54] 
1528387020.47 [14244 -1744 -7080] [2192  216   26] 
1528387020.58 [14320 -1616 -7316] [2240  241    6] 
1528387020.69 [14380 -1552 -7068] [ 2208   179 65528] 
1528387020.8 [14400 -1612 -7176] [ 2240   204 65532] 
1528387020.91 [14356 -1744 -7288] [2208  203   50] 
1528387021.02 [14328 -1792 -7152] [ 2176   202 65517] 
1528387021.13 [14424 -1784 -6928] [ 2208   215 65531] 
1528387021.24 [14288 -1704 -7224] [ 2304   225 65517] 
1528387021.35 [14388 -1796 -7108] [ 2192   161 65534] 
1528387021.46 [14264 -1760 -7060] [2256  221   14] 
1528387021.57 [14332 -1740 -7156] [ 2240   226 65501] 
1528387021.68 [14372 -1628 -7052] [ 2288   159 65525] 
1528387021.78 [14276 -1520 -7072] [ 2208   258 65515] 
1528387021.89 [14212 -1680 -7076] [2208  208   46] 
1528387022.0 [14396 -1756 -7204] [2240  164    7] 
1528387022.11 [14368 -1640 -7044] [2192  224   33] 
1528387022.22 [14456 -1692 -7056] [ 2192   183 65498] 
1528387022.33 [14304 -1732 -7000] [2208  231   27] 
1528387022.44 [14312 -1696 -7316] [2352  243   19] 
1528387022.55 [14272 -1724 -6972] [2256  174   17] 
1528387022.66 [14304 -1560 -7188] [2208  216   10] 
1528387022.77 [14472 -1840 -6852] [ 2192   168 65523] 
1528387022.88 [14160 -1576 -7320] [2208  229   47] 
1528387022.99 [14508 -1780 -6988] [ 2192   205 65531] 
1528387023.1 [14244 -1624 -7340] [2288  228   43] 
1528387023.21 [14368 -1844 -6880] [2208  186    8] 
1528387023.31 [14308 -1808 -7172] [2256  216    1] 
1528387023.42 [14380 -1732 -7036] [ 2176   196 65535] 
1528387023.53 [14340 -1708 -7036] [2288  175   20] 
1528387023.64 [14320 -1844 -7104] [ 2288   203 65530] 
1528387023.75 [14296 -1700 -7228] [2208  196   50] 
1528387023.86 [14392 -1624 -7072] [2256  212    5] 
1528387023.97 [14336 -1584 -7116] [2256  185   40] 
1528387024.08 [14308 -1744 -7176] [ 2240   214 65529] 
1528387024.19 [14324 -1816 -6920] [ 2192   213 65495] 
1528387024.3 [14268 -1748 -7096] [2192  243   12] 
1528387024.41 [14396 -1688 -7060] [ 2288   179 65527] 
1528387024.52 [14244 -1732 -7036] [ 2208   193 65529] 
1528387024.63 [14344 -1636 -7252] [2192  239    5] 
1528387024.74 [14288 -1824 -7072] [2256  180    7] 
1528387024.84 [14344 -1700 -7120] [ 2240   221 65534] 
1528387024.95 [14444 -1804 -7048] [2240  209   47] 
1528387025.06 [14204 -1664 -7156] [2192  256   79] 
1528387025.17 [14468 -1728 -7072] [2208  195   11] 
1528387025.28 [14256 -1660 -7008] [ 2288   190 65524] 
1528387025.39 [14448 -1716 -7024] [ 2256   218 65523] 
1528387025.5 [14148 -1528 -7224] [2208  227   80] 
1528387025.61 [14616 -1852 -7188] [ 2208   172 65523] 
1528387025.72 [14080 -1700 -7232] [2208  208   66] 
1528387025.83 [14744 -1864 -7180] [2208  139   21] 
1528387025.94 [14216 -1692 -7236] [2208  199   30] 
1528387026.05 [14576 -1824 -7092] [2288  216   21] 
1528387026.16 [14220 -1920 -7036] [ 2192   155 65512] 
1528387026.27 [14364 -1656 -7072] [ 2240   214 65508] 
1528387026.38 [14288 -1656 -7168] [2208  228   71] 
1528387026.49 [14380 -1572 -7100] [2208  190   12] 
1528387026.6 [14524 -1636 -7168] [2208  212   18] 
1528387026.7 [14216 -1792 -7184] [2208  182   29] 
1528387026.81 [14520 -1852 -7188] [ 2304   237 65500] 
1528387026.92 [14084 -1828 -7240] [ 2288   212 65476] 
1528387027.03 [14408 -1696 -7032] [ 2256   250 65532] 
1528387027.14 [14268 -1456 -7124] [2288  237   30] 
1528387027.25 [14308 -1632 -6936] [2288  166   20] 
