1528387181.9 [14372 -1768 -7112] [ 2192   211 65533] 
1528387182.01 [14316 -1672 -7144] [ 2240   210 65525] 
1528387182.12 [14340 -1788 -7108] [2240  219    0] 
1528387182.22 [14312 -1748 -7232] [2144  244    0] 
1528387182.33 [14248 -1724 -7156] [2176  215   41] 
1528387182.44 [14436 -1740 -7300] [ 2192   229 65520] 
1528387182.54 [14428 -1832 -6912] [ 2176   165 65463] 
1528387182.65 [14176 -1700 -7276] [2208  220   90] 
1528387182.76 [14400 -1640 -7184] [2128  213   85] 
1528387182.87 [14428 -1728 -7092] [2208  160   10] 
1528387182.98 [14352 -1756 -7152] [ 2192   200 65473] 
1528387183.09 [14280 -1760 -7000] [ 2208   198 65524] 
1528387183.2 [14228 -1680 -7264] [2176  246   15] 
1528387183.31 [14388 -1684 -7076] [2176  202   29] 
1528387183.42 [14400 -1648 -7080] [ 2256   198 65513] 
1528387183.53 [14332 -1716 -7116] [2192  234   40] 
1528387183.64 [14204 -1692 -7276] [2192  215   41] 
1528387183.75 [14400 -1664 -7104] [2208  177    8] 
1528387183.86 [14376 -1684 -7164] [2192  224   18] 
1528387183.97 [14468 -1740 -6996] [ 2176   197 65523] 
1528387184.07 [14332 -1728 -7192] [2176  203   26] 
1528387184.18 [14360 -1724 -7136] [2208  220   20] 
1528387184.29 [14336 -1688 -7112] [ 2176   166 65532] 
1528387184.4 [14416 -1680 -7128] [ 2144   205 65530] 
1528387184.51 [14404 -1788 -7264] [ 2208   191 65522] 
1528387184.62 [14328 -1808 -6952] [ 2288   187 65485] 
1528387184.73 [14296 -1768 -7124] [ 2192   222 65525] 
1528387184.84 [14216 -1724 -7188] [2144  224   49] 
1528387184.95 [14352 -1700 -7204] [2240  177    6] 
1528387185.06 [14288 -1696 -7248] [2240  199    7] 
1528387185.17 [14320 -1660 -7252] [2128  209   13] 
1528387185.28 [14396 -1808 -7108] [ 2176   202 65513] 
1528387185.39 [14308 -1684 -7296] [ 2192   214 65531] 
1528387185.5 [14332 -1720 -7104] [2144  216   17] 
1528387185.6 [14312 -1728 -7244] [2176  206    5] 
1528387185.71 [14296 -1836 -7016] [ 2176   228 65506] 
1528387185.82 [14364 -1820 -7176] [ 2192   205 65489] 
1528387185.93 [14196 -1696 -7068] [2176  224   86] 
1528387186.04 [14292 -1680 -7348] [2128  211  108] 
1528387186.15 [14436 -1692 -7044] [2176  191   19] 
1528387186.26 [14356 -1736 -7096] [ 2192   224 65498] 
1528387186.37 [14256 -1764 -7152] [2128  246   32] 
1528387186.48 [14404 -1724 -7132] [ 2192   230 65475] 
1528387186.59 [14216 -1616 -7112] [ 2128   184 65498] 
1528387186.7 [14216 -1528 -7368] [2144  241   95] 
1528387186.81 [14432 -1800 -6892] [ 2208   139 65503] 
1528387186.92 [14192 -1720 -7248] [ 2256   253 65519] 
1528387187.03 [14340 -1716 -7244] [2128  226   67] 
1528387187.13 [14332 -1660 -7100] [ 2240   165 65528] 
1528387187.24 [14364 -1800 -7152] [ 2176   226 65521] 
1528387187.35 [14384 -1728 -7260] [2192  184   41] 
1528387187.46 [14228 -1836 -7060] [2208  194   14] 
1528387187.57 [14360 -1660 -7260] [ 2208   241 65530] 
1528387187.68 [14336 -1484 -7220] [2192  219   61] 
1528387187.79 [14560 -1860 -7036] [ 2176   165 65458] 
1528387187.9 [14160 -1752 -7256] [2208  254    2] 
1528387188.01 [14428 -1712 -7200] [2192  247   61] 
1528387188.12 [14260 -1680 -6928] [ 2192   159 65470] 
1528387188.23 [14512 -1636 -7076] [ 2176   247 65464] 
1528387188.34 [14276 -1528 -7084] [2176  210   16] 
1528387188.45 [14196 -1732 -7052] [2192  184   30] 
1528387188.55 [14340 -1732 -7176] [ 2176   184 65526] 
1528387188.66 [14296 -1688 -7188] [ 2176   239 65524] 
1528387188.77 [14392 -1720 -7100] [2192  210    2] 
1528387188.88 [14336 -1704 -7092] [2208  190   16] 
1528387188.99 [14356 -1816 -7076] [ 2192   198 65483] 
1528387189.1 [14380 -1696 -7292] [2176  196   57] 
1528387189.21 [14376 -1648 -6988] [ 2192   180 65506] 
1528387189.32 [14324 -1532 -7112] 