1528330448.65 [13584  -904 -8520] [832 179  18] 
1528330448.76 [13524  -700 -8508] [832 224  54] 
1528330448.87 [13524  -812 -8492] [  832   188 65525] 
1528330448.98 [13528  -764 -8552] [880 172  26] 
1528330449.09 [13588  -780 -8600] [  880   185 65516] 
1528330449.2 [13568  -768 -8536] [800 205   2] 
1528330449.31 [13552  -844 -8508] [784 179  57] 
1528330449.42 [13580  -740 -8660] [880 178  11] 
1528330449.53 [13452  -828 -8584] [832 176  13] 
1528330449.64 [13560  -824 -8520] [800 198  19] 
1528330449.76 [13552  -804 -8500] [832 192  28] 
1528330449.87 [13548  -844 -8616] [832 206   0] 
1528330449.98 [13512  -836 -8556] [800 187  29] 
1528330450.1 [13636  -800 -8636] [832 180  13] 
1528330450.21 [13476  -736 -8516] [800 189  35] 
1528330450.32 [13356  -892 -8724] [832 205  19] 
1528330450.44 [13668  -736 -8532] [848 238   2] 
1528330450.55 [13356  -776 -8480] [  800   145 65512] 
1528330450.67 [13592  -652 -8392] [  832   191 65486] 
1528330450.78 [13464  -712 -8572] [832 224  24] 
1528330450.89 [13596  -872 -8488] [832 163  34] 
1528330451.01 [13480  -744 -8528] [784 185  40] 
1528330451.12 [13596  -884 -8544] [  784   178 65519] 
1528330451.23 [13564  -800 -8632] [800 181  58] 
1528330451.35 [13624  -820 -8552] [784 170  46] 
1528330451.46 [13496  -780 -8600] [848 178  36] 
1528330451.57 [13496  -828 -8500] [832 213  58] 
1528330451.69 [13524  -780 -8628] [880 208  47] 
1528330451.8 [13552  -808 -8576] [800 187  10] 
1528330451.91 [13408  -748 -8556] [784 210   6] 
1528330452.03 [13540  -876 -8616] [848 182  22] 
1528330452.14 [13496  -796 -8608] [880 177  21] 
1528330452.25 [13596  -772 -8484] [  832   221 65529] 
1528330452.37 [13524  -740 -8532] [880 192  14] 
1528330452.48 [13476  -772 -8456] [800 183  28] 
1528330452.59 [13556  -804 -8620] [784 187   1] 
1528330452.71 [13512  -820 -8464] [800 187   6] 
1528330452.82 [13560  -828 -8536] [832 225  23] 
1528330452.93 [13520  -828 -8656] [832 213  22] 
1528330453.05 [13432  -748 -8608] [  848   234 65517] 
1528330453.16 [13568  -820 -8552] [800 183  13] 
1528330453.27 [13528  -732 -8704] [800 216  36] 
1528330453.39 [13620  -792 -8556] [  768   180 65533] 
1528330453.5 [13460  -768 -8580] [848 208  26] 
1528330453.61 [13568  -780 -8556] [848 175  22] 
1528330453.73 [13464  -764 -8664] [  880   221 65523] 
1528330453.84 [13520  -800 -8608] [832 195  18] 
1528330453.95 [13624  -840 -8660] [832 202  34] 
1528330454.07 [13524  -716 -8620] [880 201   6] 
1528330454.18 [13580  -860 -8568] [848 162  14] 
1528330454.29 [13520  -748 -8584] [800 231  18] 
1528330454.41 [13560  -844 -8524] [784 198   9] 
1528330454.52 [13548  -808 -8552] [848 215  57] 
1528330454.63 [13576  -812 -8620] [880 187   8] 
1528330454.75 [13504  -744 -8676] [800 220  24] 
1528330454.86 [13544  -856 -8572] [800 178   1] 
1528330454.97 [13464  -832 -8640] [800 170  24] 
1528330455.09 [13568  -800 -8648] [  800   208 65534] 
1528330455.2 [13488  -820 -8604] [832 204  42] 
1528330455.31 [13484  -848 -8456] [800 211  16] 
1528330455.43 [13572  -880 -8548] [832 194  63] 
1528330455.54 [13512  -780 -8624] [  800   211 65523] 
1528330455.66 [13568  -808 -8596] [800 197  11] 
1528330455.77 [13504  -744 -8668] [800 210   2] 
1528330455.88 [13576  -812 -8636] [800 187   5] 
1528330456.0 [13544  -780 -8696] [800 177  33] 
1528330456.11 [13472  -832 -8656] [896 175  30] 
1528330456.22 [13592  -792 -8528] [800 177  21] 
1528330456.34 [13516  -820 -8500] [800 196  13] 
1528330456.45 [13488  -808 -8572] [832 184  25] 
1528330456.56 [13556  -792 -8600] [800 184  14] 
1528330456.68 [13520  -828 -8572] [832 180  33] 
1528330456.79 [13348  2260 -7076] [  880 63133   117] 
1528330456.9 [13580   876 -8720] [  832 57953 65314] 
1528330457.02 [ 14312    480 -10064] [  880 63600 64859] 
1528330457.13 [12976   176 -8904] [ 800 1697 1095] 
1528330457.24 [13852   696 -9156] [ 848 2722 1087] 
1528330457.36 [12828  2236 -7992] [  784  1005 65267] 
1528330457.47 [13476 -1192 -9512] [  832  1376 62117] 
1528330457.58 [13240  -548 -8956] [ 800 5863  807] 
1528330457.7 [12888  -220 -9808] [  784  1720 61427] 
1528330457.81 [11664 -1024 -8980] [  848 65232   112] 
1528330457.93 [12256  -556 -9604] [  880   808 61353] 
1528330458.04 [ 10624  -1096 -11220] [  832 63515 55156] 
1528330458.15 [ 10040   -696 -13012] [  880 65037 58645] 
1528330458.27 [  7888   -684 -13560] [  880   562 60471] 
1528330458.38 [  6768   -660 -13988] [  832   769 61124] 
1528330458.49 [  5392   -684 -14520] [  800 64675 61306] 
1528330458.61 [  5284   -416 -15068] [  832 64975 65332] 
1528330458.72 [  4468   -256 -14636] [880 396 632] 
1528330458.83 [  4400   -500 -14800] [  832   437 64219] 
1528330458.95 [  3736   -504 -14792] [  832 65524 59690] 
1528330459.06 [  3208   -112 -15352] [  784   152 60929] 
1528330459.17 [  2380   -240 -15276] [  800   463 65054] 
1528330459.29 [  1968   -308 -14956] [880 668 507] 
1528330459.4 [  2528   -344 -15396] [800 167 308] 
1528330459.52 [  2248   -468 -15124] [848 200  90] 
1528330459.63 [  2208   -504 -15276] [  832    35 65324] 
1528330459.74 [  2084   -560 -15220] [832 229 893] 
1528330459.86 [  4876   -548 -15516] [  832  1620 13736] 
1528330459.97 [  5484  -1104 -13972] [ 800  909 9349] 
1528330460.09 [  7472  -1076 -13512] [  880 65318  4956] 
1528330460.2 [  8404   -896 -12796] [ 832  653 4637] 
1528330460.31 [  9864  -1084 -12224] [ 832  367 2917] 
1528330460.43 [ 10824   -876 -11672] [ 800  515 4294] 
1528330460.54 [ 11300   -972 -10952] [ 800  584 4548] 
1528330460.66 [ 11940  -1024 -10260] [ 880  823 5687] 
1528330460.77 [12740 -1000 -9284] [ 832  506 2801] 
1528330460.89 [14004 -1028 -8656] [ 800  721 3265] 
1528330461.0 [13800  -484 -7632] [ 832  877 4423] 
1528330461.11 [14904  -632 -6940] [ 848  678 3871] 
1528330461.23 [15420  -632 -6400] [800 263 870] 
1528330461.34 [15048  -784 -5724] [ 896  678 6345] 
1528330461.46 [14528  -660 -5948] [  800 65029 58423] 
1528330461.57 [12264  -468 -9124] [  832 64303 45998] 
1528330461.68 [ 12248    276 -12708] [  800   210 54209] 
1528330461.8 [  8140    748 -13288] [  848 65252 56877] 
1528330461.91 [  6712    540 -14244] [  880   196 59610] 
1528330462.02 [  3844   1388 -14916] [  880 64423 51632] 
1528330462.14 [   888    500 -15380] [  800 64446 52624] 
1528330462.25 [   480   1632 -15512] [  880   345 60985] 
1528330462.37 [ -1532    800 -15000] [  800  1180 64842] 
1528330462.48 [ -1336   1240 -15304] [  832 65391 64910] 
1528330462.59 [  -952   1212 -15148] [880 174 139] 
1528330462.71 [ -1312    852 -15312] [  848 65358   345] 
1528330462.82 [   224   1292 -15400] [ 832  111 4029] 
1528330462.93 [  3388   1052 -16092] [  800   931 27001] 
1528330463.05 [  7616   1376 -13632] [  896  1677 14425] 
1528330463.16 [ 10968    124 -12164] [  832  1066 11832] 
1528330463.28 [ 11692    188 -10172] [ 880  906 7730] 
1528330463.39 [12724  -388 -9036] [  800  1338 64848] 
1528330463.5 [12008   324 -9060] [  880 64921 64803] 
1528330463.62 [13172  -356 -9004] [848 383 468] 
1528330463.73 [13108   -24 -9288] [  832   330 65340] 
1528330463.84 [13108  -204 -9128] [848 106  76] 
1528330463.96 [13040  -296 -9112] [880 217  62] 
1528330464.07 [13160  -192 -9152] [800 245  32] 
1528330464.18 [13060  -276 -9240] [832 114  52] 
1528330464.3 [13100  -232 -9108] [880 299  18] 
1528330464.41 [13128  -208 -9180] [848 151  13] 
1528330464.53 [13152  -180 -9096] [880 198  19] 
1528330464.64 [13108  -228 -9128] [848 164  25] 
1528330464.75 [13132  -264 -9188] [880 216  58] 
1528330464.87 [13232  -252 -9096] [880 190  30] 
1528330464.98 [13128  -224 -9156] [  848   192 65531] 
1528330465.09 [13124  -276 -9176] [880 192  19] 
1528330465.21 [13180  -240 -9132] [848 189  16] 
1528330465.32 [13136  -152 -9196] [896 206  10] 
1528330465.43 [13128  -204 -9140] [848 196  30] 
1528330465.55 [13104  -308 -9120] [880 168  32] 
1528330465.66 [13072  -236 -9180] [832 197  27] 
1528330465.78 [13144  -204 -9092] [784 193  15] 
1528330465.89 [13148  -176 -9188] [832 203   9] 
1528330466.0 [13104  -212 -9092] [880 217  51] 
1528330466.12 [13116  -248 -9068] [832 192  39] 
1528330466.23 [13124  -232 -9096] [800 191  19] 
1528330466.34 [13140  -192 -9080] [800 229  63] 
1528330466.46 [13172  -220 -9060] [800 188  31] 
1528330466.57 [13116  -296 -8924] [880 160  14] 
1528330466.69 [13096  -244 -9076] [784 208  56] 
1528330466.8 [13160  -152 -9180] [  832   207 65535] 
