1528387153.98 [14404 -1748 -7156] [ 2112   180 65516] 
1528387154.08 [14264 -1696 -7136] [ 2080   219 65514] 
1528387154.19 [14280 -1788 -7168] [2064  224   30] 
1528387154.29 [14364 -1788 -7048] [ 2176   197 65535] 
1528387154.4 [14320 -1728 -7248] [ 2176   173 65530] 
1528387154.51 [14336 -1708 -7088] [2176  212   20] 
1528387154.62 [14276 -1756 -7292] [ 2144   182 65514] 
1528387154.72 [14356 -1628 -7220] [2112  238   71] 
1528387154.83 [14388 -1700 -7080] [2192  185   23] 
1528387154.94 [14172 -1852 -7084] [ 2128   224 65529] 
1528387155.05 [14236 -1700 -7240] [2176  234   41] 
1528387155.16 [14488 -1748 -7120] [2176  247   43] 
1528387155.27 [14356 -1504 -7440] [2128  192   62] 
1528387155.38 [14504 -1748 -7104] [2192  179   18] 
1528387155.49 [14276 -1848 -7184] [2112  209    3] 
1528387155.6 [14340 -1820 -7028] [2176  218   45] 
1528387155.71 [14352 -1680 -7104] [2208  188   10] 
1528387155.81 [14360 -1624 -7244] [ 2192   204 65506] 
1528387155.92 [14380 -1672 -7172] [2144  237   39] 
1528387156.03 [14260 -1808 -7236] [ 2112   199 65487] 
1528387156.14 [14344 -1808 -7008] [ 2112   217 65510] 
1528387156.25 [14120 -1664 -6936] [ 2144   207 65409] 
1528387156.36 [14320 -1488 -7244] [2192  249   70] 
1528387156.47 [14260 -1568 -6932] [2176  189   66] 
1528387156.58 [14516 -1448 -7196] [ 2128   169 65478] 
1528387156.69 [14212 -1724 -6964] [2112  198   28] 
1528387156.8 [14292 -1660 -7272] [ 2176   253 65528] 
1528387156.91 [14272 -1528 -7140] [2144  210    7] 
1528387157.02 [14380 -1688 -7176] [2128  195    2] 
1528387157.12 [14256 -1684 -7140] [ 2128   185 65518] 
1528387157.23 [14272 -1748 -7172] [2128  205   18] 
1528387157.34 [14240 -1616 -7156] [ 2176   213 65524] 
1528387157.45 [14392 -1620 -7148] [ 2128   208 65502] 
1528387157.56 [14384 -1612 -7436] [2192  192   86] 
1528387157.67 [14524 -1700 -6936] [ 2128   149 65403] 
1528387157.78 [14228 -1644 -7064] [2144  239   36] 
1528387157.89 [14172 -1720 -7200] [2208  235   24] 
1528387158.0 [14424 -1740 -7160] [2112  159   29] 
1528387158.11 [14252 -1612 -7032] [ 2128   203 65523] 
1528387158.22 [14648 -1676 -7100] [ 2176   221 65446] 
1528387158.33 [14120 -1620 -7196] [2080  201   91] 
1528387158.44 [14524 -1836 -7140] [ 2144   151 65526] 
1528387158.55 [14268 -1836 -7180] [2144  194    3] 
1528387158.66 [14392 -1616 -7296] [2176  196    9] 
1528387158.77 [14376 -1716 -7112] [ 2144   176 65515] 
1528387158.88 [14300 -1700 -7152] [ 2176   195 65494] 
1528387158.99 [14344 -1892 -6972] [ 2144   195 65533] 
1528387159.1 [14128 -1860 -7168] [ 2144   203 65520] 
1528387159.21 [14324 -1716 -7288] [2064  240   78] 
1528387159.32 [14416 -1784 -6996] [ 2128   129 65488] 
1528387159.43 [14228 -1608 -7184] [2112  209    5] 
1528387159.54 [14440 -1720 -7256] [2192  236   69] 
1528387159.65 [14408 -1584 -7300] [ 2128   179 65532] 
1528387159.76 [14536 -1868 -7172] [2128  205   40] 
1528387159.87 [14316 -1844 -7316] [2176  167   12] 
1528387159.98 [14352 -1800 -7184] [2208  195   26] 
1528387160.09 [14272 -1596 -7324] [ 2112   221 65529] 
1528387160.2 [14500 -1664 -7080] [2192  206   33] 
1528387160.31 [14248 -1680 -7112] [ 2080   189 65516] 
1528387160.42 [14288 -1720 -7356] [2128  226   42] 
1528387160.53 [14380 -1824 -7144] [ 2176   177 65496] 
1528387160.64 [14164 -1656 -6980] [ 2208   185 65480] 
1528387160.75 [14424 -1584 -7236] [2208  238   47] 
1528387160.85 [14256 -1712 -7132] [2128  182   21] 
1528387160.96 [14276 -1700 -7128] [2128  197   60] 
1528387161.07 [14356 -1560 -7216] [2208  231   31] 
1528387161.18 [14492 -1844 -7004] [ 2112   156 65492] 
1528387161.29 [14236 -1504 -7412] [2176  248   57] 
1528387161.4 [14436 -1748 -7000] [ 2144   178 65524] 
1528387161.51 [14284 -1540 -7336] [2128  207   21] 
1528387161.62 [14304 -1756 -7012] [2112  211   33] 
1528387161.73 [14372 -1596 -7200] [ 2128   183 65516] 
1528387161.84 [14336 -1664 -7120] [ 2080   228 65531] 
1528387161.95 [14308 -1824 -7148] [2208  203    9] 
1528387162.06 [14324 -1780 -7060] [ 2128   224 65510] 
1528387162.16 [14288 -1592 -7184] [2112  199   39] 
1528387162.27 [14404 -1672 -7116] [ 2176   190 65514] 
1528387162.38 [14320 -1696 -7180] [ 2128   174 65506] 
1528387162.49 [14268 -1736 -7168] [2192  231   26] 
1528387162.6 [14324 -1700 -7160] [2128  244   37] 
1528387162.71 [14392 -1672 -7172] [2144  171   46] 
1528387162.82 [14380 -1668 -7200] [ 2064   196 65492] 
1528387162.93 [14340 -1772 -7244] [2192  202   20] 
1528387163.04 [14428 -1716 -7196] [ 2080   229 65521] 
1528387163.15 [14308 -1756 -7100] [2176  210   13] 
1528387163.26 [14240 -1632 -7164] [2112  201   76] 
1528387163.37 [14268 -1712 -7256] [2144  209   37] 
1528387163.48 [14484 -1776 -7372] [ 2080   200 65507] 
1528387163.59 [14196 -1704 -7060] [2128  188   30] 
1528387163.69 [14388 -1768 -7048] [ 2080   181 65466] 
1528387163.8 [14240 -1752 -7228] [2192  229   46] 
1528387163.91 [14384 -1692 -7204] [2176  246   33] 
1528387164.02 [14424 -1684 -7084] [2080  172   20] 
1528387164.13 [14304 -1720 -7168] [ 2144   234 65479] 
1528387164.24 [14416 -1676 -7040] [2176  214   59] 
1528387164.35 [14284 -1724 -7104] [ 2112   177 65445] 
1528387164.46 [14208 -1672 -7168] [2128  241   54] 
1528387164.57 [14416 -1644 -7224] [2208  243   28] 
1528387164.68 [14440 -1628 -6984] [ 2128   151 65534] 
1528387164.79 [14296 -1740 -7136] [ 2192   227 65507] 
1528387164.9 [14368 -1916 -7056] [ 2176   216 65523] 
1528387165.01 [14148 -1720 -7384] [2144  252   60] 
1528387165.11 [14464 -1764 -7048] [2128  165    0] 
1528387165.22 [14152 -1604 -7168] [ 2128   213 65526] 
1528387165.33 [14448 -1776 -7052] [ 2192   231 65528] 
1528387165.44 [14260 -1624 -7280] [2176  214    1] 
1528387165.55 [14380 -1684 -7160] [2128  208   50] 
1528387165.66 [14380 -1704 -7048] [ 2144   168 65534] 
1528387165.77 [14260 -1692 -7192] [ 2128   216 65487] 
1528387165.88 [14328 -1796 -6956] [2144  185   78] 
1528387165.99 [14208 -1504 -7344] [2176  211   27] 
1528387166.1 [14424 -1696 -6980] [ 2080   164 65510] 
1528387166.21 [14292 -1816 -7108] [2128  208   29] 
1528387166.32 [14264 -1520 -7460] [2144  253   16] 
1528387166.43 [14484 -1680 -6976] [2144  158   61] 
1528387166.53 [14128 -1592 -7176] [ 2128   187 65516] 
1528387166.64 [14500 -1700 -6972] [2112  222   48] 
1528387166.75 [14232 -1616 -7176] [ 2176   179 65506] 
1528387166.86 [14228 -1604 -7072] [2128  233   54] 
1528387166.97 [14440 -1536 -7280] [2176  191   47] 
1528387167.08 [14292 -1708 -6968] [ 2128   194 65516] 
1528387167.19 [14236 -1604 -7420] [2176  231   25] 
1528387167.3 [14436 -1912 -6996] [ 2128   141 65515] 
1528387167.41 [14252 -1776 -7332] [2176  233   14] 
1528387167.52 [14396 -1620 -7024] [ 2080   241 65483] 
1528387167.63 [14204 -1696 -6992] [2080  188   35] 
1528387167.74 [14304 -1624 -7560] [2176  218   18] 
1528387167.85 [14384 -1916 -6912] [2176  155   42] 
1528387167.96 [14204 -1672 -7356] [ 2128   210 65505] 
1528387168.06 [14400 -1820 -7056] [2192  227    9] 
1528387168.17 [14292 -1672 -7296] [2208  209    9] 
1528387168.28 [14296 -1648 -7156] [2144  225   33] 
1528387168.39 [14336 -1780 -7096] [ 2176   187 65515] 
1528387168.5 [14312 -1732 -7128] [ 2176   219 65506] 
1528387168.61 [14336 -1732 -7172] [ 2208   209 65511] 
1528387168.72 [14408 -1600 -7196] [2208  227   15] 
1528387168.83 [14572 -1640 -7104] [2144  173   45] 
1528387168.94 [14160 -1612 -7212] [2176  230   98] 
1528387169.05 [14512 -1716 -7120] [2192  208    4] 
1528387169.16 [14180 -1740 -7080] [2176  154   22] 
1528387169.27 [14436 -1716 -7236] [ 2192   220 65473] 
1528387169.38 [14472 -1780 -6892] [ 2176   218 65479] 
1528387169.49 [14172 -1584 -7428] [2208  258   29] 
1528387169.59 [14408 -1764 -6944] [2144  191   59] 
1528387169.7 [14308 -1624 -7132] [ 2144   187 65502] 
1528387169.81 [14340 -1704 -7176] [2176  232   58] 
1528387169.92 [14360 -1852 -7040] [ 2176   171 65524] 
1528387170.03 [14216 -1824 -7144] [ 2176   236 65523] 
1528387170.14 [14428 -1664 -7212] [2144  229   47] 
1528387170.25 [14316 -1588 -7124] [ 2144   184 65496] 
1528387170.36 [14236 -1636 -7144] [2128  238   58] 
1528387170.47 [14316 -1624 -7216] [2176  243   22] 
1528387170.58 [14432 -1796 -6984] [ 2176   138 65487] 
1528387170.69 [14200 -1676 -7264] [2128  218    1] 
1528387170.8 [14496 -1836 -6928] [2176  229    2] 
1528387170.91 [14116 -1480 -7340] [2144  217   52] 
1528387171.01 [14588 -1540 -7208] [2128  202   65] 
1528387171.12 [14224 -1552 -7044] [2112  144    2] 
1528387171.23 [14500 -1640 -7292] [2192  236   26] 
1528387171.34 [14344 -1676 -6980] [ 2192   150 65514] 
1528387171.45 [14256 -1500 -7280] [ 2176   226 65517] 
1528387171.56 [14432 -1620 -6956] [ 2176   183 65494] 
1528387171.67 [14256 -1516 -7240] [2192  246   24] 
1528387171.78 [14268 -1696 -7180] [2208  209   25] 
1528387171.89 [14400 -1820 -7196] [ 2192   173 65527] 
1528387172.0 [14316 -1840 -7032] [ 2176   208 65462] 
1528387172.11 [14308 -1744 -7144] [2128  228   20] 
1528387172.22 [14456 -1760 -7048] [ 2208   188 65474] 
1528387172.33 [14544 -1612 -7524] [2128  226   99] 
1528387172.43 [14288 -1528 -7308] [2176  209   67] 
1528387172.54 [14504 -1708 -7004] [ 2176   146 65523] 
1528387172.65 [14260 -1704 -7464] [ 2128   240 65430] 
1528387172.76 [14408 -1960 -6968] [2192  218   38] 
1528387172.87 [14104 -1616 -7148] [2192  241    6] 
1528387172.98 [14420 -1608 -7120] [2176  222  119] 
1528387173.09 [14268 -1600 -7072] [ 2176   176 65479] 
1528387173.2 [14160 -1764 -7204] [2176  228   62] 
1528387173.31 [14404 -1740 -7184] [2192  178    6] 
1528387173.42 [14356 -1728 -6964] [ 2176   183 65481] 
1528387173.53 [14284 -1580 -7268] [2128  242   23] 
1528387173.64 [14364 -1796 -6800] [ 2192   165 65478] 
1528387173.75 [14160 -1676 -7192] [2176  240   56] 
1528387173.86 [14424 -1648 -7096] [2144  223  108] 
1528387173.96 [14468 -1620 -7092] [ 2208   167 65414] 
1528387174.07 [14280 -1656 -7140] [2064  294   48] 
1528387174.18 [14244 -1592 -7152] [2192  205   11] 
1528387174.29 [14456 -1932 -6972] [ 2192   163 65481] 
1528387174.4 [14212 -1736 -7204] [2208  229   34] 
1528387174.51 [14452 -1656 -7168] [2288  207   25] 
1528387174.62 [14252 -1696 -6984] [ 2176   200 65512] 
1528387174.73 [14300 -1680 -7432] [2144  254   63] 
1528387174.84 [14436 -1656 -7164] [ 2144   176 65511] 
1528387174.95 [14320 -1644 -6972] [ 2192   169 65464] 
1528387175.06 [14412 -1676 -7116] [ 2192   198 65482] 
1528387175.17 [14320 -1764 -7164] [2144  247   41] 
1528387175.28 [14384 -1660 -7132] [ 2192   198 65481] 
1528387175.38 [14332 -1680 -7052] [2208  252  103] 
1528387175.49 [14376 -1652 -7156] [ 2208   203 65446] 
1528387175.6 [14172 -1592 -7208] [2192  199   10] 
1528387175.71 [14456 -1776 -7128] [2208  233   78] 
1528387175.82 [14492 -1632 -7272] [2176  164    0] 
1528387175.93 [14360 -1884 -6952] [2192  172    6] 
1528387176.04 [14268 -1684 -7360] [2144  261   20] 
1528387176.15 [14764 -1752 -7420] [2176  205  136] 
1528387176.26 [14136 -1408 -7536] [2128  182  171] 
1528387176.37 [14712 -1780 -6944] [ 2144   124 65412] 
1528387176.48 [14104 -1812 -7196] [ 2256   221 65470] 
1528387176.59 [14444 -1956 -7128] [2192  244   47] 
1528387176.7 [14228 -1708 -7032] [2128  198   15] 
1528387176.81 [14308 -1516 -7224] [2208  232   50] 
1528387176.91 [14404 -1632 -7116] [2144  194   12] 
1528387177.02 [14248 -1732 -7196] [2144  215   14] 
1528387177.13 [14244 -1688 -7224] [ 2144   205 65535] 
1528387177.24 [14380 -1664 -7032] [ 2176   197 65527] 
1528387177.35 [14336 -1632 -7212] [2176  190    7] 
1528387177.46 [14388 -1712 -7152] [2176  229   27] 
1528387177.57 [14348 -1744 -7120] [ 2192   209 65526] 
1528387177.68 [14284 -1772 -7148] [2128  190   26] 
1528387177.79 [14348 -1696 -7112] [2128  207   40] 
1528387177.9 [14400 -1668 -7056] [ 2176   195 65535] 
1528387178.01 [14336 -1660 -7220] [2208  210    8] 
1528387178.12 [14348 -1776 -7196] [2144  251   37] 
1528387178.23 [14344 -1732 -7112] [2176  174    9] 
1528387178.33 [14340 -1624 -7216] [ 2208   203 65531] 
1528387178.44 [14360 -1680 -7088] [2112  190   38] 
1528387178.55 [14340 -1776 -6960] [2240  211   10] 
1528387178.66 [14328 -1712 -7144] [ 2208   233 65516] 
1528387178.77 [14448 -1784 -7108] [ 2176   196 65520] 
1528387178.88 [14348 -1700 -7100] [2208  194   30] 
1528387178.99 [14344 -1756 -7148] [2192  212    5] 
1528387179.1 [14364 -1812 -7120] [ 2176   205 65498] 
1528387179.21 [14252 -1772 -7116] [ 2240   203 65533] 
1528387179.32 [14804 -1896 -7728] [2176  213   36] 
1528387179.43 [14772 -1724 -7576] [2208  144  117] 
1528387179.54 [14228 -1640 -6944] [ 2144   141 65409] 
1528387179.65 [14384 -1788 -7092] [ 2208   260 65521] 
1528387179.76 [14360 -1944 -7120] [ 2208   210 65527] 
1528387179.86 [14252 -1500 -7332] [2192  256  128] 
1528387179.97 [14412 -1572 -7000] [2208  196    7] 
1528387180.08 [14244 -1624 -7136] [ 2192   187 65475] 
1528387180.19 [14328 -1928 -7216] [ 2192   212 65525] 
